fixed acidity,volatile acidity,citric acid,residual sugar,chlorides,free sulfur dioxide,total sulfur dioxide,density,pH,sulphates,alcohol,Id,quality
6.8,0.61,0.04,1.5,0.057,5.0,10.0,0.99525,3.42,0.6,9.5,222,5
6.9,0.84,0.21,4.1,0.074,16.0,65.0,0.99842,3.53,0.72,9.23333333333333,1514,6
7.0,0.58,0.12,1.9,0.091,34.0,124.0,0.9956,3.44,0.48,10.5,417,5
7.8,0.48,0.68,1.7,0.415,14.0,32.0,0.99656,3.09,1.06,9.1,754,6
12.5,0.6,0.49,4.3,0.1,5.0,14.0,1.001,3.25,0.74,11.9,516,6
7.9,0.54,0.34,2.5,0.076,8.0,17.0,0.99235,3.2,0.72,13.1,1120,8
8.8,0.61,0.14,2.4,0.067,10.0,42.0,0.9969,3.19,0.59,9.5,180,5
7.4,0.5,0.47,2.0,0.086,21.0,73.0,0.997,3.36,0.57,9.1,82,5
7.6,0.41,0.14,3.0,0.087,21.0,43.0,0.9964,3.32,0.57,10.5,632,6
9.0,0.45,0.49,2.6,0.084,21.0,75.0,0.9987,3.35,0.57,9.7,592,5
10.4,0.44,0.73,6.55,0.074,38.0,76.0,0.999,3.17,0.85,12.0,501,7
7.5,0.31,0.41,2.4,0.065,34.0,60.0,0.99492,3.34,0.85,11.4,1586,6
6.6,0.725,0.09,5.5,0.1169999999999999,9.0,17.0,0.99655,3.35,0.49,10.8,1096,6
7.4,0.49,0.27,2.1,0.071,14.0,25.0,0.99388,3.35,0.63,12.0,1101,6
5.6,0.54,0.04,1.7,0.049,5.0,13.0,0.9942,3.72,0.58,11.4,1488,5
10.6,1.02,0.43,2.9,0.076,26.0,88.0,0.9984,3.08,0.57,10.1,700,6
10.4,0.28,0.54,2.7,0.105,5.0,19.0,0.9988,3.25,0.63,9.5,631,5
7.0,0.51,0.09,2.1,0.062,4.0,9.0,0.99584,3.35,0.54,10.5,1022,5
7.8,0.53,0.01,1.6,0.077,3.0,19.0,0.995,3.16,0.46,9.8,1420,5
8.4,0.31,0.29,3.1,0.1939999999999999,14.0,26.0,0.99536,3.22,0.78,12.0,882,6
9.2,0.36,0.34,1.6,0.062,5.0,12.0,0.99667,3.2,0.67,10.5,1170,6
9.1,0.28,0.46,9.0,0.114,3.0,9.0,0.99901,3.18,0.6,10.9,911,6
7.8,0.5,0.17,1.6,0.0819999999999999,21.0,102.0,0.996,3.39,0.48,9.5,124,5
7.3,0.34,0.33,2.5,0.064,21.0,37.0,0.9952,3.35,0.77,12.1,1417,7
8.0,0.45,0.23,2.2,0.094,16.0,29.0,0.9962,3.21,0.49,10.2,681,6
7.0,0.735,0.05,2.0,0.081,13.0,54.0,0.9966,3.39,0.57,9.8,63,5
8.9,0.28,0.45,1.7,0.067,7.0,12.0,0.99354,3.25,0.55,12.3,1010,7
11.9,0.38,0.51,2.0,0.121,7.0,20.0,0.9996,3.24,0.76,10.4,418,6
8.7,0.765,0.22,2.3,0.064,9.0,42.0,0.9963,3.1,0.55,9.4,399,5
7.2,0.57,0.05,2.3,0.081,16.0,36.0,0.99564,3.38,0.6,10.3,1265,6
6.4,0.69,0.0,1.65,0.055,7.0,12.0,0.99162,3.47,0.53,12.9,999,6
6.8,0.56,0.03,1.7,0.084,18.0,35.0,0.9968,3.44,0.63,10.0,452,6
13.8,0.49,0.67,3.0,0.093,6.0,15.0,0.9986,3.02,0.93,12.0,347,6
8.3,0.43,0.3,3.4,0.079,7.0,34.0,0.99788,3.36,0.61,10.5,778,5
8.8,0.48,0.41,3.3,0.092,26.0,52.0,0.9982,3.31,0.53,10.5,607,6
8.3,0.655,0.12,2.3,0.083,15.0,113.0,0.9966,3.17,0.66,9.8,32,5
10.0,0.59,0.31,2.2,0.09,26.0,62.0,0.9994,3.18,0.63,10.2,511,6
10.1,0.37,0.34,2.4,0.085,5.0,17.0,0.99683,3.17,0.65,10.6,1035,7
5.0,0.38,0.01,1.6,0.048,26.0,60.0,0.99084,3.7,0.75,14.0,1270,6
7.1,0.31,0.3,2.2,0.053,36.0,127.0,0.9965,2.94,1.62,9.5,723,5
10.1,0.31,0.35,1.6,0.075,9.0,28.0,0.99672,3.24,0.83,11.2,838,7
10.2,0.67,0.39,1.9,0.054,6.0,17.0,0.9976,3.17,0.47,10.0,485,5
5.2,0.34,0.0,1.8,0.05,27.0,63.0,0.9916,3.68,0.79,14.0,142,6
10.0,0.69,0.11,1.4,0.084,8.0,24.0,0.99578,2.88,0.47,9.7,1470,5
8.1,0.73,0.0,2.5,0.081,12.0,24.0,0.99798,3.38,0.46,9.6,1238,4
7.1,0.68,0.0,2.2,0.073,12.0,22.0,0.9969,3.48,0.5,9.3,158,5
6.4,0.67,0.08,2.1,0.045,19.0,48.0,0.9949,3.49,0.49,11.4,426,6
11.9,0.57,0.5,2.6,0.0819999999999999,6.0,32.0,1.0006,3.12,0.78,10.7,344,6
9.5,0.885,0.27,2.3,0.084,31.0,145.0,0.9978,3.24,0.53,9.4,637,5
6.8,0.67,0.15,1.8,0.118,13.0,20.0,0.9954,3.42,0.67,11.3,1578,6
8.3,0.3,0.49,3.8,0.09,11.0,24.0,0.99498,3.27,0.64,12.1,944,7
8.7,0.82,0.02,1.2,0.07,36.0,48.0,0.9952,3.2,0.58,9.8,469,5
6.9,0.49,0.1,2.3,0.074,12.0,30.0,0.9959,3.42,0.58,10.2,148,6
8.9,0.4,0.32,5.6,0.087,10.0,47.0,0.9991,3.38,0.77,10.5,279,7
7.3,0.32,0.23,2.3,0.066,35.0,70.0,0.99588,3.43,0.62,10.1,1144,5
13.3,0.29,0.75,2.8,0.084,23.0,43.0,0.9986,3.04,0.68,11.4,509,7
8.0,0.62,0.33,2.7,0.088,16.0,37.0,0.9972,3.31,0.58,10.7,1073,6
6.4,0.53,0.09,3.9,0.123,14.0,31.0,0.9968,3.5,0.67,11.0,1423,4
11.4,0.26,0.44,3.6,0.071,6.0,19.0,0.9986,3.12,0.82,9.3,280,6
6.4,0.64,0.21,1.8,0.081,14.0,31.0,0.99689,3.59,0.66,9.8,848,5
10.7,0.43,0.39,2.2,0.106,8.0,32.0,0.9986,2.89,0.5,9.6,650,5
7.0,0.54,0.09,2.0,0.081,10.0,16.0,0.99479,3.43,0.59,11.5,1092,6
8.8,0.41,0.64,2.2,0.093,9.0,42.0,0.9986,3.54,0.66,10.5,76,5
9.1,0.37,0.32,2.1,0.064,4.0,15.0,0.99576,3.3,0.8,11.2,1302,6
7.8,0.39,0.42,2.0,0.086,9.0,21.0,0.99526,3.39,0.66,11.6,1148,6
8.3,0.61,0.3,2.1,0.084,11.0,50.0,0.9972,3.4,0.61,10.2,100,6
10.3,0.27,0.24,2.1,0.072,15.0,33.0,0.9956,3.22,0.66,12.8,533,6
6.5,0.52,0.11,1.8,0.073,13.0,38.0,0.9955,3.34,0.52,9.3,1328,5
7.7,0.775,0.42,1.9,0.092,8.0,86.0,0.9959,3.23,0.59,9.5,253,5
11.5,0.42,0.48,2.6,0.077,8.0,20.0,0.99852,3.09,0.53,11.0,1344,5
14.3,0.31,0.74,1.8,0.075,6.0,15.0,1.0008,2.86,0.79,8.4,544,6
7.7,0.665,0.0,2.4,0.09,8.0,19.0,0.9974,3.27,0.73,9.3,352,5
6.9,0.54,0.3,2.2,0.088,9.0,105.0,0.99725,3.25,1.18,10.5,1367,6
5.2,0.645,0.0,2.15,0.08,15.0,28.0,0.99444,3.78,0.61,12.5,1300,6
8.7,0.84,0.0,1.4,0.065,24.0,33.0,0.9954,3.27,0.55,9.7,635,5
8.3,0.65,0.1,2.9,0.089,17.0,40.0,0.99803,3.29,0.55,9.5,750,5
8.2,0.28,0.6,3.0,0.104,10.0,22.0,0.99828,3.39,0.68,10.6,1479,5
9.3,0.27,0.41,2.0,0.091,6.0,16.0,0.998,3.28,0.7,9.7,476,5
6.1,0.32,0.25,1.8,0.086,5.0,32.0,0.99464,3.36,0.44,10.1,1355,5
7.5,0.55,0.24,2.0,0.078,10.0,28.0,0.9983,3.45,0.78,9.5,546,6
7.3,0.58,0.3,2.4,0.074,15.0,55.0,0.9968,3.46,0.59,10.2,196,5
6.8,0.65,0.02,2.1,0.078,8.0,15.0,0.99498,3.35,0.62,10.4,1210,6
8.1,0.66,0.22,2.2,0.069,9.0,23.0,0.9968,3.3,1.2,10.3,43,5
7.5,0.71,0.0,1.6,0.092,22.0,31.0,0.99635,3.38,0.58,10.0,1013,6
7.2,0.45,0.15,2.0,0.078,10.0,28.0,0.99609,3.29,0.51,9.9,1378,6
9.6,0.54,0.42,2.4,0.081,25.0,52.0,0.997,3.2,0.71,11.4,471,6
6.6,0.96,0.0,1.8,0.0819999999999999,5.0,16.0,0.9936,3.5,0.44,11.9,1410,6
8.2,0.43,0.29,1.6,0.081,27.0,45.0,0.99603,3.25,0.54,10.3,1004,5
8.3,0.76,0.29,4.2,0.075,12.0,16.0,0.9965,3.45,0.68,11.5,740,6
7.0,0.65,0.02,2.1,0.066,8.0,25.0,0.9972,3.47,0.67,9.5,697,6
8.1,1.33,0.0,1.8,0.0819999999999999,3.0,12.0,0.9964,3.54,0.48,10.9,127,5
8.0,0.62,0.35,2.8,0.086,28.0,52.0,0.997,3.31,0.62,10.8,1069,5
9.1,0.76,0.68,1.7,0.414,18.0,64.0,0.99652,2.9,1.33,9.1,1319,6
9.2,0.53,0.24,2.6,0.078,28.0,139.0,0.99788,3.21,0.57,9.5,741,5
8.8,0.6,0.29,2.2,0.098,5.0,15.0,0.9988,3.36,0.49,9.1,626,5
8.2,0.56,0.23,3.4,0.078,14.0,104.0,0.9976,3.28,0.62,9.4,621,5
6.2,0.43,0.22,1.8,0.078,21.0,56.0,0.99633,3.52,0.6,9.5,1195,6
12.5,0.28,0.54,2.3,0.0819999999999999,12.0,29.0,0.9997,3.11,1.36,9.8,339,7
10.9,0.53,0.49,4.6,0.118,10.0,17.0,1.0002,3.07,0.56,11.7,556,6
7.8,0.53,0.04,1.7,0.076,17.0,31.0,0.9964,3.33,0.56,10.0,162,6
7.0,0.56,0.17,1.7,0.065,15.0,24.0,0.99514,3.44,0.68,10.55,1555,7
5.1,0.47,0.02,1.3,0.034,18.0,44.0,0.9921,3.9,0.62,12.8,695,6
9.2,0.63,0.21,2.7,0.0969999999999999,29.0,65.0,0.9988,3.28,0.58,9.6,457,5
6.9,0.44,0.0,1.4,0.07,32.0,38.0,0.99438,3.32,0.58,11.4,1045,6
5.6,0.615,0.0,1.6,0.089,16.0,59.0,0.9943,3.58,0.52,9.9,12,5
9.2,0.43,0.49,2.4,0.086,23.0,116.0,0.9976,3.23,0.64,9.5,524,5
9.3,0.39,0.4,2.6,0.073,10.0,26.0,0.9984,3.34,0.75,10.2,489,6
10.4,0.33,0.63,2.8,0.084,5.0,22.0,0.9998,3.26,0.74,11.2,453,7
7.9,0.765,0.0,2.0,0.084,9.0,22.0,0.99619,3.33,0.68,10.9,1282,6
10.5,0.24,0.47,2.1,0.066,6.0,24.0,0.9978,3.15,0.9,11.0,423,7
8.7,0.52,0.09,2.5,0.091,20.0,49.0,0.9976,3.34,0.86,10.6,290,7
11.1,0.39,0.54,2.7,0.095,21.0,101.0,1.0001,3.13,0.51,9.5,744,5
12.3,0.39,0.63,2.3,0.091,6.0,18.0,1.0004,3.16,0.49,9.5,435,5
8.5,0.21,0.52,1.9,0.09,9.0,23.0,0.99648,3.36,0.67,10.4,955,5
8.2,0.64,0.27,2.0,0.095,5.0,77.0,0.99747,3.13,0.62,9.1,1055,6
9.1,0.66,0.15,3.2,0.0969999999999999,9.0,59.0,0.99976,3.28,0.54,9.6,819,5
8.3,0.705,0.12,2.6,0.092,12.0,28.0,0.9994,3.51,0.72,10.0,302,5
11.3,0.62,0.67,5.2,0.086,6.0,19.0,0.9988,3.22,0.69,13.4,455,8
7.8,0.58,0.13,2.1,0.102,17.0,36.0,0.9944,3.24,0.53,11.2,1274,6
10.6,1.025,0.43,2.8,0.08,21.0,84.0,0.9985,3.06,0.57,10.1,710,5
7.0,0.56,0.13,1.6,0.077,25.0,42.0,0.99629,3.34,0.59,9.2,1568,5
7.7,0.69,0.22,1.9,0.084,18.0,94.0,0.9961,3.31,0.48,9.5,72,5
7.1,0.43,0.42,5.5,0.07,29.0,129.0,0.9973,3.42,0.72,10.5,156,5
8.6,0.49,0.28,1.9,0.11,20.0,136.0,0.9972,2.93,1.95,9.9,86,6
7.1,0.72,0.0,1.8,0.123,6.0,14.0,0.99627,3.45,0.58,9.8,1252,5
7.1,0.46,0.2,1.9,0.077,28.0,54.0,0.9956,3.37,0.64,10.4,1280,6
9.1,0.6,0.0,1.9,0.0579999999999999,5.0,10.0,0.9977,3.18,0.63,10.4,1130,6
6.9,0.74,0.03,2.3,0.054,7.0,16.0,0.99508,3.45,0.63,11.5,1499,6
10.2,0.54,0.37,15.4,0.214,55.0,95.0,1.00369,3.18,0.77,9.0,1434,6
13.0,0.47,0.49,4.3,0.085,6.0,47.0,1.0021,3.3,0.68,12.7,564,6
7.8,0.6,0.26,2.0,0.08,31.0,131.0,0.99622,3.21,0.52,9.9,1559,5
6.6,0.735,0.02,7.9,0.122,68.0,124.0,0.9994,3.47,0.53,9.9,396,5
7.9,0.3,0.68,8.3,0.05,37.5,289.0,0.99316,3.01,0.51,12.3,1081,7
6.9,0.36,0.25,2.4,0.098,5.0,16.0,0.9964,3.41,0.6,10.1,293,6
15.9,0.36,0.65,7.5,0.096,22.0,71.0,0.9976,2.98,0.84,14.9,652,5
8.0,1.18,0.21,1.9,0.083,14.0,41.0,0.99532,3.34,0.47,10.5,1312,5
7.3,1.07,0.09,1.7,0.178,10.0,89.0,0.9962,3.3,0.57,9.0,120,5
7.8,0.34,0.37,2.0,0.0819999999999999,24.0,58.0,0.9964,3.34,0.59,9.4,220,6
8.0,0.64,0.22,2.4,0.094,5.0,33.0,0.99612,3.37,0.58,11.0,1391,5
6.7,0.46,0.24,1.7,0.077,18.0,34.0,0.9948,3.39,0.6,10.6,1324,6
8.9,0.4,0.51,2.6,0.052,13.0,27.0,0.995,3.32,0.9,13.4,492,7
9.5,0.78,0.22,1.9,0.077,6.0,32.0,0.9988,3.26,0.56,10.6,427,6
12.4,0.4,0.51,2.0,0.059,6.0,24.0,0.9994,3.04,0.6,9.3,596,6
9.4,0.685,0.26,2.4,0.0819999999999999,23.0,143.0,0.9978,3.28,0.55,9.4,771,5
12.9,0.35,0.49,5.8,0.066,5.0,35.0,1.0014,3.2,0.66,12.0,538,7
6.2,0.63,0.31,1.7,0.088,15.0,64.0,0.9969,3.46,0.79,9.3,107,5
10.0,0.38,0.38,1.6,0.1689999999999999,27.0,90.0,0.99914,3.15,0.65,8.5,1436,5
7.6,0.55,0.21,2.2,0.071,7.0,28.0,0.9964,3.28,0.55,9.7,193,5
8.7,0.78,0.51,1.7,0.415,12.0,66.0,0.99623,3.0,1.17,9.2,1370,5
7.1,0.685,0.35,2.0,0.088,9.0,92.0,0.9963,3.28,0.62,9.4,843,5
10.4,0.24,0.46,1.8,0.075,6.0,21.0,0.9976,3.25,1.02,10.8,506,7
7.8,0.46,0.26,1.9,0.088,23.0,53.0,0.9981,3.43,0.74,9.2,388,6
11.5,0.3,0.6,2.0,0.067,12.0,27.0,0.9981,3.11,0.97,10.1,197,6
9.7,0.55,0.17,2.9,0.087,20.0,53.0,1.0004,3.14,0.61,9.4,655,5
7.1,0.27,0.6,2.1,0.074,17.0,25.0,0.99814,3.38,0.72,10.6,1508,6
9.4,0.5,0.34,3.6,0.0819999999999999,5.0,14.0,0.9987,3.29,0.52,10.7,799,6
7.6,0.55,0.21,2.2,0.071,7.0,28.0,0.9964,3.28,0.55,9.7,194,5
10.0,0.32,0.59,2.2,0.077,3.0,15.0,0.9994,3.2,0.78,9.6,1414,5
8.9,0.48,0.53,4.0,0.1009999999999999,3.0,10.0,0.99586,3.21,0.59,12.1,1059,7
6.0,0.64,0.05,1.9,0.066,9.0,17.0,0.99496,3.52,0.78,10.6,1487,5
12.7,0.6,0.49,2.8,0.075,5.0,19.0,0.9994,3.14,0.57,11.4,565,5
9.1,0.775,0.22,2.2,0.079,12.0,48.0,0.9976,3.18,0.51,9.6,1333,5
7.1,0.6,0.01,2.3,0.079,24.0,37.0,0.99514,3.4,0.61,10.9,1250,6
6.9,0.56,0.03,1.5,0.086,36.0,46.0,0.99522,3.53,0.57,10.6,871,5
6.6,0.84,0.03,2.3,0.059,32.0,48.0,0.9952,3.52,0.56,12.3,421,7
6.0,0.5,0.0,1.4,0.057,15.0,26.0,0.99448,3.36,0.45,9.5,1336,5
12.6,0.39,0.49,2.5,0.08,8.0,20.0,0.9992,3.07,0.82,10.3,1224,6
6.9,0.39,0.24,2.1,0.102,4.0,7.0,0.99462,3.44,0.58,11.4,813,4
7.3,0.66,0.0,2.0,0.084,6.0,23.0,0.9983,3.61,0.96,9.9,249,6
8.9,0.48,0.24,2.85,0.094,35.0,106.0,0.9982,3.1,0.53,9.2,721,5
7.9,0.31,0.32,1.9,0.066,14.0,36.0,0.99364,3.41,0.56,12.6,1026,6
6.5,0.46,0.14,2.4,0.114,9.0,37.0,0.99732,3.66,0.65,9.8,781,5
7.4,0.53,0.12,1.9,0.165,4.0,12.0,0.99702,3.26,0.86,9.2,808,5
7.6,0.48,0.31,2.8,0.07,4.0,15.0,0.99693,3.22,0.55,10.3,809,6
8.4,0.62,0.09,2.2,0.084,11.0,108.0,0.9964,3.15,0.66,9.8,111,5
8.8,0.59,0.18,2.9,0.089,12.0,74.0,0.99738,3.14,0.54,9.4,766,5
9.3,0.33,0.45,1.5,0.057,19.0,37.0,0.99498,3.18,0.89,11.1,1070,7
7.2,0.34,0.32,2.5,0.09,43.0,113.0,0.9966,3.32,0.79,11.1,497,5
10.4,0.55,0.23,2.7,0.091,18.0,48.0,0.9994,3.22,0.64,10.3,292,6
7.1,0.69,0.08,2.1,0.063,42.0,52.0,0.99608,3.42,0.6,10.2,1529,6
11.6,0.23,0.57,1.8,0.074,3.0,8.0,0.9981,3.14,0.7,9.9,1060,6
10.2,0.42,0.57,3.4,0.07,4.0,10.0,0.9971,3.04,0.63,9.6,56,5
7.5,0.49,0.2,2.6,0.332,8.0,14.0,0.9968,3.21,0.9,10.5,42,6
7.0,0.55,0.13,2.2,0.075,15.0,35.0,0.9959,3.36,0.59,9.7,1535,6
8.2,0.5,0.35,2.9,0.077,21.0,127.0,0.9976,3.23,0.62,9.4,190,5
8.3,0.625,0.2,1.5,0.08,27.0,119.0,0.9972,3.16,1.12,9.1,79,4
9.0,0.39,0.4,1.3,0.044,25.0,50.0,0.99478,3.2,0.83,10.9,1219,6
7.1,0.755,0.15,1.8,0.107,20.0,84.0,0.99593,3.19,0.5,9.5,1384,5
11.5,0.18,0.51,4.0,0.104,4.0,23.0,0.9996,3.28,0.97,10.1,269,6
11.6,0.47,0.44,1.6,0.147,36.0,51.0,0.99836,3.38,0.86,9.9,833,4
7.5,0.57,0.02,2.6,0.077,11.0,35.0,0.99557,3.36,0.62,10.8,1379,6
9.4,0.43,0.24,2.8,0.092,14.0,45.0,0.998,3.19,0.73,10.0,551,6
8.3,0.28,0.48,2.1,0.093,6.0,12.0,0.99408,3.26,0.62,12.4,947,7
11.2,0.28,0.56,1.9,0.075,17.0,60.0,0.998,3.16,0.58,9.8,3,6
6.6,0.61,0.01,1.9,0.08,8.0,25.0,0.99746,3.69,0.73,10.5,934,5
7.3,0.51,0.18,2.1,0.07,12.0,28.0,0.99768,3.52,0.73,9.5,749,6
7.3,0.735,0.0,2.2,0.08,18.0,28.0,0.99765,3.41,0.6,9.4,1553,5
7.6,0.31,0.34,2.5,0.0819999999999999,26.0,35.0,0.99356,3.22,0.59,12.5,1036,7
9.1,0.3,0.41,2.0,0.068,10.0,24.0,0.99523,3.27,0.85,11.7,1107,7
6.5,0.34,0.27,2.8,0.067,8.0,44.0,0.99384,3.21,0.56,12.0,1168,6
6.2,0.7,0.15,5.1,0.076,13.0,27.0,0.99622,3.54,0.6,11.9,1577,6
8.2,0.635,0.1,2.1,0.073,25.0,60.0,0.99638,3.29,0.75,10.9,1291,6
8.8,0.47,0.49,2.9,0.085,17.0,110.0,0.9982,3.29,0.6,9.8,578,5
6.9,0.55,0.15,2.2,0.076,19.0,40.0,0.9961,3.41,0.59,10.1,85,5
11.6,0.41,0.54,1.5,0.095,22.0,41.0,0.99735,3.02,0.76,9.9,1089,7
12.8,0.615,0.66,5.8,0.083,7.0,42.0,1.0022,3.07,0.73,10.0,366,7
7.9,0.52,0.26,1.9,0.079,42.0,140.0,0.9964,3.23,0.54,9.5,90,5
7.6,0.54,0.13,2.5,0.0969999999999999,24.0,66.0,0.99785,3.39,0.61,9.4,752,5
6.3,0.55,0.15,1.8,0.077,26.0,35.0,0.99314,3.32,0.82,11.6,1590,6
11.5,0.31,0.51,2.2,0.079,14.0,28.0,0.9982,3.03,0.93,9.8,617,6
5.8,0.68,0.02,1.8,0.087,21.0,94.0,0.9944,3.54,0.52,10.0,146,5
12.0,0.38,0.56,2.1,0.093,6.0,24.0,0.99925,3.14,0.71,10.9,241,6
7.4,0.37,0.43,2.6,0.0819999999999999,18.0,82.0,0.99708,3.33,0.68,9.7,790,6
7.0,0.69,0.07,2.5,0.091,15.0,21.0,0.99572,3.38,0.6,11.3,1116,6
9.5,0.37,0.52,2.0,0.0819999999999999,6.0,26.0,0.998,3.18,0.51,9.5,392,5
7.1,0.59,0.02,2.3,0.0819999999999999,24.0,94.0,0.99744,3.55,0.53,9.7,770,6
12.0,0.37,0.76,4.2,0.066,7.0,38.0,1.0004,3.22,0.6,13.0,395,7
7.6,0.62,0.32,2.2,0.0819999999999999,7.0,54.0,0.9966,3.36,0.52,9.4,306,5
10.6,0.48,0.64,2.2,0.111,6.0,20.0,0.997,3.26,0.66,11.7,416,6
10.7,0.4,0.48,2.1,0.125,15.0,49.0,0.998,3.03,0.81,9.7,512,6
6.4,0.865,0.03,3.2,0.071,27.0,58.0,0.995,3.61,0.49,12.7,729,6
6.2,0.58,0.0,1.6,0.065,8.0,18.0,0.9966,3.56,0.84,9.4,1415,5
8.6,0.8,0.11,2.3,0.084,12.0,31.0,0.9979,3.4,0.48,9.9,677,5
7.7,0.6,0.0,2.6,0.055,7.0,13.0,0.99639,3.38,0.56,10.8,793,5
5.0,1.02,0.04,1.4,0.045,41.0,85.0,0.9938,3.75,0.48,10.5,94,4
10.3,0.5,0.42,2.0,0.069,21.0,51.0,0.9982,3.16,0.72,11.5,466,6
6.8,0.775,0.0,3.0,0.102,8.0,23.0,0.9965,3.45,0.56,10.7,96,5
10.0,0.49,0.2,11.0,0.071,13.0,50.0,1.0015,3.16,0.69,9.2,325,6
11.6,0.475,0.4,1.4,0.091,6.0,28.0,0.99704,3.07,0.65,10.0333333333333,1359,6
