fixed acidity,volatile acidity,citric acid,residual sugar,chlorides,free sulfur dioxide,total sulfur dioxide,density,pH,sulphates,alcohol,Id,quality
8.5,0.28,0.56,1.8,0.092,35.0,103.0,0.9969,3.3,0.75,10.5,16,7
9.9,0.32,0.56,2.0,0.073,3.0,8.0,0.99534,3.15,0.73,11.4,1076,6
8.9,0.31,0.36,2.6,0.0559999999999999,10.0,39.0,0.99562,3.4,0.69,11.8,900,5
6.6,0.88,0.04,2.2,0.066,12.0,20.0,0.99636,3.53,0.56,9.9,1556,5
7.6,0.42,0.25,3.9,0.104,28.0,90.0,0.99784,3.15,0.57,9.1,1057,5
7.7,0.715,0.01,2.1,0.064,31.0,43.0,0.99371,3.41,0.57,11.8,877,6
10.2,0.34,0.48,2.1,0.052,5.0,9.0,0.99458,3.2,0.69,12.1,953,7
7.9,0.69,0.21,2.1,0.08,33.0,141.0,0.9962,3.25,0.51,9.9,1400,5
6.3,0.76,0.0,2.9,0.072,26.0,52.0,0.99379,3.51,0.6,11.5,1127,6
7.9,0.33,0.23,1.7,0.077,18.0,45.0,0.99625,3.29,0.65,9.3,260,5
10.1,0.65,0.37,5.1,0.11,11.0,65.0,1.0026,3.32,0.64,10.4,608,6
7.4,0.36,0.3,1.8,0.074,17.0,24.0,0.99419,3.24,0.7,11.4,1549,8
11.5,0.45,0.5,3.0,0.078,19.0,47.0,1.0003,3.26,1.11,11.0,376,6
9.3,0.49,0.36,1.7,0.081,3.0,14.0,0.99702,3.27,0.78,10.9,1048,6
7.0,0.655,0.16,2.1,0.074,8.0,25.0,0.99606,3.37,0.55,9.7,1485,5
6.7,0.7,0.08,3.75,0.067,8.0,16.0,0.99334,3.43,0.52,12.6,1471,5
8.3,0.53,0.0,1.4,0.07,6.0,14.0,0.99593,3.25,0.64,10.0,1110,6
7.7,0.54,0.26,1.9,0.089,23.0,147.0,0.99636,3.26,0.59,9.7,1493,5
7.0,0.5,0.14,1.8,0.078,10.0,23.0,0.99636,3.53,0.61,10.4,1019,5
8.6,0.37,0.65,6.4,0.08,3.0,8.0,0.99817,3.27,0.58,11.0,1078,5
8.3,0.6,0.25,2.2,0.118,9.0,38.0,0.99616,3.15,0.53,9.8,1152,5
8.6,0.685,0.1,1.6,0.092,3.0,12.0,0.99745,3.31,0.65,9.55,1395,6
7.0,0.69,0.0,1.9,0.114,3.0,10.0,0.99636,3.35,0.6,9.7,1277,6
5.0,0.74,0.0,1.2,0.0409999999999999,16.0,46.0,0.99258,4.01,0.59,12.5,1321,6
7.1,0.75,0.01,2.2,0.059,11.0,18.0,0.99242,3.39,0.4,12.8,1234,6
7.1,0.735,0.16,1.9,0.1,15.0,77.0,0.9966,3.27,0.64,9.3,412,5
5.4,0.42,0.27,2.0,0.092,23.0,55.0,0.99471,3.78,0.64,12.3,1111,7
11.9,0.695,0.53,3.4,0.128,7.0,21.0,0.9992,3.17,0.84,12.2,335,7
6.8,0.47,0.08,2.2,0.064,18.0,38.0,0.99553,3.3,0.65,9.6,1526,6
7.8,0.76,0.04,2.3,0.092,15.0,54.0,0.997,3.26,0.65,9.8,2,5
7.9,0.6,0.06,1.6,0.069,15.0,59.0,0.9964,3.3,0.46,9.4,6,5
7.1,0.46,0.2,1.9,0.077,28.0,54.0,0.9956,3.37,0.64,10.4,1281,6
7.3,0.51,0.18,2.1,0.07,12.0,28.0,0.99768,3.52,0.73,9.5,745,6
8.9,0.35,0.4,3.6,0.11,12.0,24.0,0.99549,3.23,0.7,12.0,1008,7
7.2,0.65,0.02,2.3,0.094,5.0,31.0,0.9993,3.67,0.8,9.7,298,5
8.6,0.725,0.24,6.6,0.1169999999999999,31.0,134.0,1.0014,3.32,1.07,9.3,415,5
7.7,0.965,0.1,2.1,0.1119999999999999,11.0,22.0,0.9963,3.26,0.5,9.5,736,5
10.8,0.26,0.45,3.3,0.06,20.0,49.0,0.9972,3.13,0.54,9.6,679,5
10.9,0.32,0.52,1.8,0.132,17.0,44.0,0.99734,3.28,0.77,11.5,1220,6
7.0,0.62,0.18,1.5,0.062,7.0,50.0,0.9951,3.08,0.6,9.3,439,5
9.7,0.295,0.4,1.5,0.073,14.0,21.0,0.99556,3.14,0.51,10.9,989,6
7.8,0.52,0.25,1.9,0.081,14.0,38.0,0.9984,3.43,0.65,9.0,500,6
8.3,0.33,0.42,2.3,0.07,9.0,20.0,0.99426,3.38,0.77,12.7,1053,7
13.2,0.38,0.55,2.7,0.081,5.0,16.0,1.0006,2.98,0.54,9.4,611,5
6.6,0.58,0.02,2.4,0.069,19.0,40.0,0.99387,3.38,0.66,12.6,1335,6
8.9,0.595,0.41,7.9,0.086,30.0,109.0,0.9998,3.27,0.57,9.3,595,5
8.6,0.45,0.31,2.6,0.086,21.0,50.0,0.9982,3.37,0.91,9.9,361,6
7.8,0.645,0.0,5.5,0.086,5.0,18.0,0.9986,3.4,0.55,9.6,35,6
7.1,0.75,0.01,2.2,0.059,11.0,18.0,0.99242,3.39,0.4,12.8,1237,6
6.6,0.705,0.07,1.6,0.076,6.0,15.0,0.9962,3.44,0.58,10.7,67,5
7.1,0.43,0.42,5.5,0.071,28.0,128.0,0.9973,3.42,0.71,10.5,155,5
6.2,0.45,0.2,1.6,0.069,3.0,15.0,0.9958,3.41,0.56,9.2,80,5
10.0,0.41,0.45,6.2,0.071,6.0,14.0,0.99702,3.21,0.49,11.8,1147,7
10.6,0.83,0.37,2.6,0.086,26.0,70.0,0.9981,3.16,0.52,9.9,296,5
7.9,0.885,0.03,1.8,0.0579999999999999,4.0,8.0,0.9972,3.36,0.33,9.1,170,4
7.3,0.67,0.02,2.2,0.072,31.0,92.0,0.99566,3.32,0.68,11.066666666666698,1439,6
10.2,0.44,0.58,4.1,0.092,11.0,24.0,0.99745,3.29,0.99,12.0,946,7
7.3,0.74,0.08,1.7,0.094,10.0,45.0,0.99576,3.24,0.5,9.8,1366,5
8.1,0.575,0.22,2.1,0.077,12.0,65.0,0.9967,3.29,0.51,9.2,103,5
10.1,0.43,0.4,2.6,0.092,13.0,52.0,0.99834,3.22,0.64,10.0,942,7
12.9,0.5,0.55,2.8,0.072,7.0,24.0,1.00012,3.09,0.68,10.9,811,6
8.4,0.36,0.32,2.2,0.081,32.0,79.0,0.9964,3.3,0.72,11.0,918,6
9.6,0.6,0.5,2.3,0.079,28.0,71.0,0.9997,3.5,0.57,9.7,616,5
8.5,0.32,0.42,2.3,0.075,12.0,19.0,0.99434,3.14,0.71,11.8,1162,7
6.9,0.49,0.19,1.7,0.079,13.0,26.0,0.99547,3.38,0.64,9.8,1041,6
6.0,0.51,0.0,2.1,0.064,40.0,54.0,0.995,3.54,0.93,10.7,1407,6
8.1,0.825,0.24,2.1,0.084,5.0,13.0,0.9972,3.37,0.77,10.7,537,6
8.5,0.18,0.51,1.75,0.071,45.0,88.0,0.99524,3.33,0.76,11.8,1156,7
7.9,0.72,0.01,1.9,0.076,7.0,32.0,0.99668,3.39,0.54,9.6,769,5
9.3,0.5,0.36,1.8,0.084,6.0,17.0,0.99704,3.27,0.77,10.8,1049,6
7.6,0.4,0.29,1.9,0.078,29.0,66.0,0.9971,3.45,0.59,9.5,932,6
6.6,0.63,0.0,4.3,0.093,51.0,77.5,0.99558,3.2,0.45,9.5,1296,5
13.0,0.32,0.65,2.6,0.093,15.0,47.0,0.9996,3.05,0.61,10.6,470,5
7.7,0.26,0.26,2.0,0.052,19.0,77.0,0.9951,3.15,0.79,10.9,1198,6
7.7,0.49,0.26,1.9,0.062,9.0,31.0,0.9966,3.39,0.64,9.6,87,5
9.1,0.765,0.04,1.6,0.078,4.0,14.0,0.998,3.29,0.54,9.7,704,4
7.9,1.04,0.05,2.2,0.084,13.0,29.0,0.9959,3.22,0.55,9.9,134,6
7.9,0.3,0.68,8.3,0.05,37.5,278.0,0.99316,3.01,0.51,12.3,1079,7
11.1,0.45,0.73,3.2,0.066,6.0,22.0,0.9986,3.17,0.66,11.2,437,6
9.7,0.42,0.46,2.1,0.074,5.0,16.0,0.99649,3.27,0.74,12.3,1172,6
11.4,0.6,0.49,2.7,0.085,10.0,41.0,0.9994,3.15,0.63,10.5,403,6
11.5,0.315,0.54,2.1,0.084,5.0,15.0,0.9987,2.98,0.7,9.2,464,6
9.8,0.3,0.39,1.7,0.062,3.0,9.0,0.9948,3.14,0.57,11.5,1279,7
6.7,0.42,0.27,8.6,0.068,24.0,148.0,0.9948,3.16,0.57,11.3,649,6
7.7,0.41,0.76,1.8,0.611,8.0,45.0,0.9968,3.06,1.26,9.4,258,5
10.8,0.89,0.3,2.6,0.132,7.0,60.0,0.99786,2.99,1.18,10.2,795,5
7.1,0.36,0.3,1.6,0.08,35.0,70.0,0.99693,3.44,0.5,9.4,987,5
6.8,0.6,0.18,1.9,0.079,18.0,86.0,0.9968,3.59,0.57,9.3,159,6
9.7,0.69,0.32,2.5,0.088,22.0,91.0,0.9979,3.29,0.62,10.1,1306,5
6.4,0.795,0.0,2.2,0.065,28.0,52.0,0.99378,3.49,0.52,11.6,1027,5
7.0,0.57,0.0,2.0,0.19,12.0,45.0,0.99676,3.31,0.6,9.4,780,6
8.2,0.59,0.0,2.5,0.093,19.0,58.0,1.0002,3.5,0.65,9.3,737,6
8.2,0.28,0.6,3.0,0.104,10.0,22.0,0.99828,3.39,0.68,10.6,1481,5
8.8,0.24,0.54,2.5,0.083,25.0,57.0,0.9983,3.39,0.54,9.2,610,5
10.4,0.575,0.61,2.6,0.076,11.0,24.0,1.0,3.16,0.69,9.0,367,5
6.5,0.885,0.0,2.3,0.166,6.0,12.0,0.99551,3.56,0.51,10.8,1191,5
7.2,0.53,0.14,2.1,0.064,15.0,29.0,0.99323,3.35,0.61,12.1,1297,6
6.7,0.28,0.28,2.4,0.012,36.0,100.0,0.99064,3.26,0.39,11.7,836,7
7.6,0.79,0.21,2.3,0.087,21.0,68.0,0.9955,3.12,0.44,9.2,1304,5
6.4,0.37,0.25,1.9,0.074,21.0,49.0,0.9974,3.57,0.62,9.8,191,6
7.2,0.63,0.03,2.2,0.08,17.0,88.0,0.99745,3.53,0.58,9.8,894,6
5.9,0.395,0.13,2.4,0.0559999999999999,14.0,28.0,0.99362,3.62,0.67,12.4,1292,6
6.0,0.5,0.0,1.4,0.057,15.0,26.0,0.99448,3.36,0.45,9.5,1337,5
9.9,0.63,0.24,2.4,0.077,6.0,33.0,0.9974,3.09,0.57,9.4,536,5
7.2,0.25,0.37,2.5,0.063,11.0,41.0,0.99439,3.52,0.8,12.4,1192,7
7.1,0.56,0.14,1.6,0.078,7.0,18.0,0.99592,3.27,0.62,9.3,961,5
8.8,0.61,0.3,2.8,0.088,17.0,46.0,0.9976,3.26,0.51,9.3,41,4
10.7,0.35,0.53,2.6,0.07,5.0,16.0,0.9972,3.15,0.65,11.0,498,8
8.2,1.0,0.09,2.3,0.065,7.0,37.0,0.99685,3.32,0.55,9.0,234,6
13.5,0.53,0.79,4.8,0.12,23.0,77.0,1.0018,3.18,0.77,13.0,353,5
8.0,0.67,0.3,2.0,0.06,38.0,62.0,0.9958,3.26,0.56,10.2,436,6
12.5,0.37,0.55,2.6,0.083,25.0,68.0,0.9995,3.15,0.82,10.4,472,6
9.9,0.49,0.58,3.5,0.094,9.0,43.0,1.0004,3.29,0.58,9.0,593,5
7.0,0.745,0.12,1.8,0.114,15.0,64.0,0.99588,3.22,0.59,9.5,1194,6
9.8,0.98,0.32,2.3,0.078,35.0,152.0,0.998,3.25,0.48,9.4,684,5
9.0,0.45,0.49,2.6,0.084,21.0,75.0,0.9987,3.35,0.57,9.7,590,5
7.6,1.58,0.0,2.1,0.1369999999999999,5.0,9.0,0.99476,3.5,0.4,10.9,1299,3
7.0,0.22,0.3,1.8,0.065,16.0,20.0,0.99672,3.61,0.82,10.0,1143,6
7.2,0.62,0.06,2.5,0.078,17.0,84.0,0.99746,3.51,0.53,9.7,863,5
7.6,0.685,0.23,2.3,0.111,20.0,84.0,0.9964,3.21,0.61,9.3,629,5
8.9,0.38,0.4,2.2,0.068,12.0,28.0,0.99486,3.27,0.75,12.6,1016,7
7.5,0.42,0.32,2.7,0.067,7.0,25.0,0.99628,3.24,0.44,10.4,862,5
7.7,0.49,0.26,1.9,0.062,9.0,31.0,0.9966,3.39,0.64,9.6,93,5
11.5,0.35,0.49,3.3,0.07,10.0,37.0,1.0003,3.32,0.91,11.0,570,6
6.9,0.635,0.17,2.4,0.241,6.0,18.0,0.9961,3.4,0.59,10.3,777,6
6.6,0.58,0.02,2.0,0.062,37.0,53.0,0.99374,3.35,0.76,11.6,1452,7
7.7,0.835,0.0,2.6,0.081,6.0,14.0,0.9975,3.3,0.52,9.3,602,5
12.6,0.38,0.66,2.6,0.088,10.0,41.0,1.001,3.17,0.68,9.8,359,6
7.7,0.57,0.21,1.5,0.069,4.0,9.0,0.99458,3.16,0.54,9.8,1200,6
5.3,0.57,0.01,1.7,0.054,5.0,27.0,0.9934,3.57,0.84,12.5,444,7
7.3,0.52,0.32,2.1,0.07,51.0,70.0,0.99418,3.34,0.82,12.9,982,6
10.3,0.41,0.42,2.4,0.213,6.0,14.0,0.9994,3.19,0.62,9.5,307,6
8.4,0.56,0.08,2.1,0.105,16.0,44.0,0.9958,3.13,0.52,11.0,333,5
6.6,0.52,0.08,2.4,0.07,13.0,26.0,0.99358,3.4,0.72,12.5,1066,7
9.1,0.5,0.3,1.9,0.065,8.0,17.0,0.99774,3.32,0.71,10.5,980,6
10.4,0.41,0.55,3.2,0.076,22.0,54.0,0.9996,3.15,0.89,9.9,434,6
7.6,0.36,0.31,1.7,0.079,26.0,65.0,0.99716,3.46,0.62,9.5,1174,6
8.2,0.33,0.39,2.5,0.074,29.0,48.0,0.99528,3.32,0.88,12.4,1167,7
7.4,0.47,0.46,2.2,0.114,7.0,20.0,0.99647,3.32,0.63,10.5,1518,5
6.1,0.21,0.4,1.4,0.066,40.5,165.0,0.9912,3.25,0.59,11.9,354,6
8.2,0.885,0.2,1.4,0.086,7.0,31.0,0.9946,3.11,0.46,10.0,1376,5
9.0,0.69,0.0,2.4,0.088,19.0,38.0,0.999,3.35,0.6,9.3,739,5
8.1,0.545,0.18,1.9,0.08,13.0,35.0,0.9972,3.3,0.59,9.0,102,6
7.2,0.415,0.36,2.0,0.081,13.0,45.0,0.9972,3.48,0.64,9.2,137,5
9.9,0.54,0.45,2.3,0.071,16.0,40.0,0.9991,3.39,0.62,9.4,644,5
7.7,0.935,0.43,2.2,0.114,22.0,114.0,0.997,3.25,0.73,9.2,46,5
7.4,0.74,0.07,1.7,0.086,15.0,48.0,0.99502,3.12,0.48,10.0,1246,5
7.2,0.38,0.31,2.0,0.0559999999999999,15.0,29.0,0.99472,3.23,0.76,11.3,1449,8
12.8,0.615,0.66,5.8,0.083,7.0,42.0,1.0022,3.07,0.73,10.0,364,7
12.0,0.45,0.55,2.0,0.073,25.0,49.0,0.9997,3.1,0.76,10.3,286,6
7.3,0.35,0.24,2.0,0.067,28.0,48.0,0.99576,3.43,0.54,10.0,872,4
6.2,0.6,0.08,2.0,0.09,32.0,44.0,0.9949,3.45,0.58,10.5,1594,5
10.8,0.4,0.41,2.2,0.084,7.0,17.0,0.9984,3.08,0.67,9.3,676,6
10.5,0.51,0.64,2.4,0.107,6.0,15.0,0.9973,3.09,0.66,11.8,514,7
7.8,0.56,0.19,1.8,0.104,12.0,47.0,0.9964,3.19,0.93,9.5,110,5
8.8,0.55,0.04,2.2,0.119,14.0,56.0,0.9962,3.21,0.6,10.9,121,6
7.7,0.58,0.01,1.8,0.088,12.0,18.0,0.99568,3.32,0.56,10.5,1024,7
8.3,0.54,0.28,1.9,0.077,11.0,40.0,0.9978,3.39,0.61,10.0,116,6
6.5,0.53,0.06,2.0,0.063,29.0,44.0,0.99489,3.38,0.83,10.3,1517,6
6.1,0.6,0.08,1.8,0.071,14.0,45.0,0.99336,3.38,0.54,11.0,1473,5
11.3,0.36,0.66,2.4,0.123,3.0,8.0,0.99642,3.2,0.53,11.9,1021,6
6.8,0.48,0.25,2.0,0.076,29.0,61.0,0.9953,3.34,0.6,10.4,1523,5
6.9,0.63,0.01,2.4,0.076,14.0,39.0,0.99522,3.34,0.53,10.8,1463,6
8.6,0.47,0.47,2.4,0.074,7.0,29.0,0.9979,3.08,0.46,9.5,654,5
7.3,0.49,0.1,2.6,0.068,4.0,14.0,0.99562,3.3,0.47,10.5,810,5
7.8,0.52,0.25,1.9,0.081,14.0,38.0,0.9984,3.43,0.65,9.0,496,6
8.3,0.58,0.13,2.9,0.096,14.0,63.0,0.9984,3.17,0.62,9.1,604,6
7.4,0.66,0.0,1.8,0.075,13.0,40.0,0.9978,3.51,0.56,9.4,5,5
12.6,0.31,0.72,2.2,0.072,6.0,29.0,0.9987,2.88,0.82,9.8,440,8
6.7,0.46,0.24,1.7,0.077,18.0,34.0,0.9948,3.39,0.6,10.6,1327,6
7.7,0.56,0.08,2.5,0.114,14.0,46.0,0.9971,3.24,0.66,9.6,803,6
7.5,0.6,0.03,1.8,0.095,25.0,99.0,0.995,3.35,0.54,10.1,152,5
6.3,0.39,0.08,1.7,0.066,3.0,20.0,0.9954,3.34,0.58,9.4,143,5
9.9,0.5,0.24,2.3,0.103,6.0,14.0,0.9978,3.34,0.52,10.0,576,4
8.2,0.2,0.43,2.5,0.076,31.0,51.0,0.99672,3.53,0.81,10.4,1145,6
9.3,0.48,0.29,2.1,0.127,6.0,16.0,0.9968,3.22,0.72,11.2,447,5
8.1,0.87,0.0,2.2,0.084,10.0,31.0,0.99656,3.25,0.5,9.8,757,5
8.2,0.74,0.09,2.0,0.067,5.0,10.0,0.99418,3.28,0.57,11.8,1064,6
7.0,0.62,0.08,1.8,0.076,8.0,24.0,0.9978,3.48,0.53,9.0,89,5
7.7,0.69,0.05,2.7,0.075,15.0,27.0,0.9974,3.26,0.61,9.1,404,5
7.2,0.38,0.3,1.8,0.073,31.0,70.0,0.99685,3.42,0.59,9.5,1082,6
9.4,0.27,0.53,2.4,0.074,6.0,18.0,0.9962,3.2,1.13,12.0,377,7
7.1,0.48,0.28,2.8,0.068,6.0,16.0,0.99682,3.24,0.53,10.3,824,5
8.9,0.43,0.45,1.9,0.052,6.0,16.0,0.9948,3.35,0.7,12.5,336,6
12.0,0.5,0.59,1.4,0.073,23.0,42.0,0.998,2.92,0.68,10.5,657,7
12.8,0.3,0.74,2.6,0.095,9.0,28.0,0.9994,3.2,0.77,10.8,205,7
6.2,0.65,0.06,1.6,0.05,6.0,18.0,0.99348,3.57,0.54,11.95,1492,5
9.0,0.36,0.52,2.1,0.111,5.0,10.0,0.99568,3.31,0.62,11.3,956,6
8.5,0.4,0.4,6.3,0.05,3.0,10.0,0.99566,3.28,0.56,12.0,1276,4
7.3,0.55,0.03,1.6,0.072,17.0,42.0,0.9956,3.37,0.48,9.0,167,4
8.0,0.18,0.37,0.9,0.049,36.0,109.0,0.99007,2.89,0.44,12.7,1018,6
8.1,0.87,0.0,2.2,0.084,10.0,31.0,0.99656,3.25,0.5,9.8,758,5
6.7,0.75,0.01,2.4,0.078,17.0,32.0,0.9955,3.55,0.61,12.8,355,6
8.4,0.37,0.43,2.3,0.063,12.0,19.0,0.9955,3.17,0.81,11.2,1544,7
9.0,0.43,0.34,2.5,0.08,26.0,86.0,0.9987,3.38,0.62,9.5,410,6
7.9,0.58,0.23,2.3,0.076,23.0,94.0,0.99686,3.21,0.58,9.5,1199,6
6.7,0.58,0.08,1.8,0.0969999999999999,15.0,65.0,0.9959,3.28,0.54,9.2,10,5
7.8,0.91,0.07,1.9,0.0579999999999999,22.0,47.0,0.99525,3.51,0.43,10.7,755,6
6.8,0.48,0.08,1.8,0.074,40.0,64.0,0.99529,3.12,0.49,9.6,1085,5
11.5,0.18,0.51,4.0,0.104,4.0,23.0,0.9996,3.28,0.97,10.1,277,6
6.6,0.725,0.09,5.5,0.1169999999999999,9.0,17.0,0.99655,3.35,0.49,10.8,1094,6
9.3,0.4,0.49,2.5,0.085,38.0,142.0,0.9978,3.22,0.55,9.4,523,5
9.4,0.4,0.31,2.2,0.09,13.0,62.0,0.9966,3.07,0.63,10.5,115,6
9.1,0.47,0.49,2.6,0.094,38.0,106.0,0.9982,3.08,0.59,9.1,545,5
7.8,0.53,0.01,1.6,0.077,3.0,19.0,0.995,3.16,0.46,9.8,1418,5
7.2,0.36,0.46,2.1,0.074,24.0,44.0,0.99534,3.4,0.85,11.0,1208,7
7.5,0.38,0.57,2.3,0.106,5.0,12.0,0.99605,3.36,0.55,11.4,1504,6
7.1,0.46,0.14,2.8,0.076,15.0,37.0,0.99624,3.36,0.49,10.7,827,5
7.2,0.62,0.06,2.7,0.077,15.0,85.0,0.99746,3.51,0.54,9.5,860,5
7.8,0.43,0.32,2.8,0.08,29.0,58.0,0.9974,3.31,0.64,10.3,337,5
10.1,0.935,0.22,3.4,0.105,11.0,86.0,1.001,3.43,0.64,11.3,633,4
13.3,0.34,0.52,3.2,0.094,17.0,53.0,1.0014,3.05,0.81,9.5,294,6
7.2,0.53,0.13,2.0,0.0579999999999999,18.0,22.0,0.99573,3.21,0.68,9.9,1532,6
8.7,0.63,0.28,2.7,0.096,17.0,69.0,0.99734,3.26,0.63,10.2,1283,6
7.0,0.43,0.36,1.6,0.089,14.0,37.0,0.99615,3.34,0.56,9.2,204,6
7.5,0.57,0.02,2.6,0.077,11.0,35.0,0.99557,3.36,0.62,10.8,1380,6
8.4,0.62,0.12,1.8,0.072,38.0,46.0,0.99504,3.38,0.89,11.8,919,6
9.8,0.66,0.39,3.2,0.083,21.0,59.0,0.9989,3.37,0.71,11.5,318,7
7.1,0.875,0.05,5.7,0.0819999999999999,3.0,14.0,0.99808,3.4,0.52,10.2,1478,3
8.6,0.47,0.27,2.3,0.055,14.0,28.0,0.99516,3.18,0.8,11.2,928,5
7.0,0.45,0.34,2.7,0.0819999999999999,16.0,72.0,0.998,3.55,0.6,9.5,733,5
9.9,0.57,0.25,2.0,0.104,12.0,89.0,0.9963,3.04,0.9,10.1,1413,5
11.1,0.35,0.48,3.1,0.09,5.0,21.0,0.9986,3.17,0.53,10.5,252,5
7.0,0.57,0.02,2.0,0.072,17.0,26.0,0.99575,3.36,0.61,10.2,1546,5
8.6,0.63,0.17,2.9,0.099,21.0,119.0,0.998,3.09,0.52,9.3,789,5
7.9,0.5,0.33,2.0,0.084,15.0,143.0,0.9968,3.2,0.55,9.5,188,5
6.7,0.76,0.02,1.8,0.078,6.0,12.0,0.996,3.55,0.63,9.95,1505,3
8.6,0.49,0.51,2.0,0.422,16.0,62.0,0.9979,3.03,1.17,9.0,692,5
9.2,0.67,0.1,3.0,0.091,12.0,48.0,0.99888,3.31,0.54,9.5,765,6
5.4,0.74,0.09,1.7,0.089,16.0,26.0,0.99402,3.67,0.56,11.6,1591,6
7.3,0.65,0.0,1.2,0.065,15.0,21.0,0.9946,3.39,0.47,10.0,7,7
8.2,0.73,0.21,1.7,0.074,5.0,13.0,0.9968,3.2,0.52,9.5,673,5
7.5,0.49,0.19,1.9,0.076,10.0,44.0,0.9957,3.39,0.54,9.7,218,5
7.2,0.57,0.05,2.3,0.081,16.0,36.0,0.99564,3.38,0.6,10.3,1266,6
9.0,0.785,0.24,1.7,0.078,10.0,21.0,0.99692,3.29,0.67,10.0,1164,5
10.5,0.24,0.42,1.8,0.077,6.0,22.0,0.9976,3.21,1.05,10.8,504,7
6.4,0.31,0.09,1.4,0.066,15.0,28.0,0.99459,3.42,0.7,10.0,1494,7
9.0,0.4,0.43,2.4,0.068,29.0,46.0,0.9943,3.2,0.6,12.2,968,6
7.9,0.53,0.24,2.0,0.072,15.0,105.0,0.996,3.27,0.54,9.4,311,6
8.8,0.46,0.45,2.6,0.065,7.0,18.0,0.9947,3.32,0.79,14.0,467,6
10.1,0.45,0.23,1.9,0.0819999999999999,10.0,18.0,0.99774,3.22,0.65,9.3,892,6
8.3,0.845,0.01,2.2,0.07,5.0,14.0,0.9967,3.32,0.58,11.0,647,4
8.1,0.78,0.23,2.6,0.059,5.0,15.0,0.997,3.37,0.56,11.3,685,5
5.6,0.605,0.05,2.4,0.073,19.0,25.0,0.99258,3.56,0.55,12.9,1052,5
11.3,0.36,0.66,2.4,0.123,3.0,8.0,0.99642,3.2,0.53,11.9,1020,6
8.0,0.81,0.25,3.4,0.076,34.0,85.0,0.99668,3.19,0.42,9.2,1385,5
8.8,0.42,0.21,2.5,0.092,33.0,88.0,0.99823,3.19,0.52,9.2,759,5
8.6,0.83,0.0,2.8,0.095,17.0,43.0,0.99822,3.33,0.6,10.4,1025,6
7.0,0.69,0.07,2.5,0.091,15.0,21.0,0.99572,3.38,0.6,11.3,1117,6
9.5,0.57,0.27,2.3,0.0819999999999999,23.0,144.0,0.99782,3.27,0.55,9.4,772,5
8.2,0.34,0.38,2.5,0.08,12.0,57.0,0.9978,3.3,0.47,9.0,746,6
8.5,0.46,0.59,1.4,0.414,16.0,45.0,0.99702,3.03,1.34,9.2,1051,5
6.5,0.63,0.33,1.8,0.059,16.0,28.0,0.99531,3.36,0.64,10.1,1545,6
7.7,0.58,0.01,1.8,0.088,12.0,18.0,0.99568,3.32,0.56,10.5,1029,7
7.0,0.685,0.0,1.9,0.099,9.0,22.0,0.99606,3.34,0.6,9.7,820,5
6.8,0.36,0.32,1.8,0.067,4.0,8.0,0.9928,3.36,0.55,12.8,1005,7
6.1,0.32,0.25,2.3,0.071,23.0,58.0,0.99633,3.42,0.97,10.6,1522,5
10.0,0.58,0.22,1.9,0.08,9.0,32.0,0.9974,3.13,0.55,9.5,622,5
5.0,0.4,0.5,4.3,0.046,29.0,80.0,0.9902,3.49,0.66,13.6,1114,6
7.3,0.44,0.2,1.6,0.049,24.0,64.0,0.9935,3.38,0.57,11.7,1271,6
7.9,0.34,0.36,1.9,0.065,5.0,10.0,0.99419,3.27,0.54,11.2,1201,7
8.0,0.38,0.06,1.8,0.078,12.0,49.0,0.99625,3.37,0.52,9.9,231,6
9.6,0.77,0.12,2.9,0.0819999999999999,30.0,74.0,0.99865,3.3,0.64,10.4,319,6
7.2,0.5,0.18,2.1,0.071,12.0,31.0,0.99761,3.52,0.72,9.6,748,6
7.5,0.61,0.26,1.9,0.073,24.0,88.0,0.99612,3.3,0.53,9.8,1305,5
10.8,0.5,0.46,2.5,0.073,5.0,27.0,1.0001,3.05,0.64,9.5,295,5
7.2,0.605,0.02,1.9,0.096,10.0,31.0,0.995,3.46,0.53,11.8,1364,6
10.1,0.31,0.44,2.3,0.08,22.0,46.0,0.9988,3.32,0.67,9.7,113,6
9.7,0.53,0.6,2.0,0.039,5.0,19.0,0.99585,3.3,0.86,12.4,210,6
10.5,0.24,0.47,2.1,0.066,6.0,24.0,0.9978,3.15,0.9,11.0,430,7
11.9,0.39,0.69,2.8,0.095,17.0,35.0,0.9994,3.1,0.61,10.8,449,6
6.4,0.42,0.09,2.3,0.054,34.0,64.0,0.99724,3.41,0.68,10.4,1460,6
9.3,0.38,0.48,3.8,0.132,3.0,11.0,0.99577,3.23,0.57,13.2,910,6
8.5,0.34,0.4,4.7,0.055,3.0,9.0,0.99738,3.38,0.66,11.6,1086,7
7.7,0.69,0.49,1.8,0.115,20.0,112.0,0.9968,3.21,0.71,9.3,61,5
7.3,0.835,0.03,2.1,0.092,10.0,19.0,0.9966,3.39,0.47,9.6,732,5
8.9,0.31,0.57,2.0,0.111,26.0,85.0,0.9971,3.26,0.53,9.7,185,5
7.7,0.39,0.12,1.7,0.0969999999999999,19.0,27.0,0.99596,3.16,0.49,9.4,990,5
9.3,0.655,0.26,2.0,0.096,5.0,35.0,0.99738,3.25,0.42,9.6,761,5
9.1,0.3,0.34,2.0,0.064,12.0,25.0,0.99516,3.26,0.84,11.7,1007,7
15.6,0.685,0.76,3.7,0.1,6.0,43.0,1.0032,2.95,0.68,11.2,442,7
6.2,0.36,0.24,2.2,0.095,19.0,42.0,0.9946,3.57,0.57,11.7,569,6
7.6,0.715,0.0,2.1,0.068,30.0,35.0,0.99533,3.48,0.65,11.4,881,6
8.9,0.565,0.34,3.0,0.093,16.0,112.0,0.9998,3.38,0.61,9.5,711,5
6.2,0.52,0.08,4.4,0.071,11.0,32.0,0.99646,3.56,0.63,11.6,1540,6
7.4,0.49,0.19,3.0,0.077,16.0,37.0,0.9966,3.37,0.51,10.5,707,5
8.9,0.84,0.34,1.4,0.05,4.0,10.0,0.99554,3.12,0.48,9.1,998,6
7.2,0.33,0.33,1.7,0.061,3.0,13.0,0.996,3.23,1.1,10.0,1403,8
7.5,0.51,0.02,1.7,0.084,13.0,31.0,0.99538,3.36,0.54,10.5,1341,6
7.4,0.7,0.0,1.9,0.076,11.0,34.0,0.9978,3.51,0.56,9.4,0,5
11.2,0.67,0.55,2.3,0.084,6.0,13.0,1.0,3.17,0.71,9.5,507,6
8.0,0.6,0.22,2.1,0.08,25.0,105.0,0.99613,3.3,0.49,9.9,1382,5
11.3,0.34,0.45,2.0,0.0819999999999999,6.0,15.0,0.9988,2.94,0.66,9.2,669,6
7.4,0.58,0.0,2.0,0.064,7.0,11.0,0.99562,3.45,0.58,11.3,985,6
5.4,0.74,0.0,1.2,0.0409999999999999,16.0,46.0,0.99258,4.01,0.59,12.5,1316,6
7.3,0.66,0.0,2.0,0.084,6.0,23.0,0.9983,3.61,0.96,9.9,245,6
7.9,0.35,0.21,1.9,0.073,46.0,102.0,0.9964,3.27,0.58,9.5,634,5
7.5,0.52,0.42,2.3,0.087,8.0,38.0,0.9972,3.58,0.61,10.5,177,6
7.4,0.6,0.26,2.1,0.083,17.0,91.0,0.99616,3.29,0.56,9.8,1329,6
8.0,0.745,0.56,2.0,0.118,30.0,134.0,0.9968,3.24,0.66,9.4,130,5
7.1,0.67,0.0,2.3,0.083,18.0,27.0,0.99768,3.44,0.54,9.4,1551,5
6.6,0.695,0.0,2.1,0.075,12.0,56.0,0.9968,3.49,0.67,9.2,257,5
4.9,0.42,0.0,2.1,0.048,16.0,42.0,0.99154,3.71,0.74,14.0,821,7
7.9,0.66,0.0,1.4,0.096,6.0,13.0,0.99569,3.43,0.58,9.5,1253,5
11.5,0.41,0.52,3.0,0.08,29.0,55.0,1.0001,3.26,0.88,11.0,356,5
8.1,0.545,0.18,1.9,0.08,13.0,35.0,0.9972,3.3,0.59,9.0,99,6
6.8,0.61,0.2,1.8,0.077,11.0,65.0,0.9971,3.54,0.58,9.3,183,5
9.1,0.52,0.33,1.3,0.07,9.0,30.0,0.9978,3.24,0.6,9.3,428,5
6.7,0.28,0.28,2.4,0.012,36.0,100.0,0.99064,3.26,0.39,11.7,837,7
8.3,0.615,0.22,2.6,0.087,6.0,19.0,0.9982,3.26,0.61,9.3,461,5
5.9,0.46,0.0,1.9,0.077,25.0,44.0,0.99385,3.5,0.53,11.2,1272,5
7.0,0.64,0.02,2.1,0.067,9.0,23.0,0.997,3.47,0.67,9.4,702,6
7.5,0.685,0.07,2.5,0.0579999999999999,5.0,9.0,0.99632,3.38,0.55,10.9,830,4
6.5,0.88,0.03,5.6,0.079,23.0,47.0,0.99572,3.58,0.5,11.2,1176,4
9.4,0.615,0.28,3.2,0.087,18.0,72.0,1.0001,3.31,0.53,9.7,698,5
9.4,0.685,0.11,2.7,0.077,6.0,31.0,0.9984,3.19,0.7,10.1,479,6
7.2,0.36,0.46,2.1,0.074,24.0,44.0,0.99534,3.4,0.85,11.0,1206,7
8.5,0.37,0.2,2.8,0.09,18.0,58.0,0.998,3.34,0.7,9.6,232,6
7.3,0.45,0.36,5.9,0.074,12.0,87.0,0.9978,3.33,0.83,10.5,40,5
8.1,0.72,0.09,2.8,0.084,18.0,49.0,0.9994,3.43,0.72,11.1,726,6
7.9,0.545,0.06,4.0,0.087,27.0,61.0,0.9965,3.36,0.67,10.7,270,6
7.7,0.39,0.12,1.7,0.0969999999999999,19.0,27.0,0.99596,3.16,0.49,9.4,988,5
7.7,0.58,0.1,1.8,0.102,28.0,109.0,0.99565,3.08,0.49,9.8,242,6
7.1,0.59,0.01,2.3,0.08,27.0,43.0,0.9955,3.42,0.58,10.7,897,6
7.1,0.68,0.07,1.9,0.075,16.0,51.0,0.99685,3.38,0.52,9.5,246,5
6.4,0.57,0.02,1.8,0.067,4.0,11.0,0.997,3.46,0.68,9.5,728,5
6.1,0.58,0.23,2.5,0.044,16.0,70.0,0.99352,3.46,0.65,12.5,1151,6
6.8,0.57,0.0,2.5,0.072,32.0,64.0,0.99491,3.43,0.56,11.2,888,6
9.0,0.48,0.32,2.8,0.084,21.0,122.0,0.9984,3.32,0.62,9.4,693,5
7.2,0.49,0.24,2.2,0.07,5.0,36.0,0.996,3.33,0.48,9.4,104,5
7.6,0.43,0.29,2.1,0.075,19.0,66.0,0.99718,3.4,0.64,9.5,1229,5
13.4,0.27,0.62,2.6,0.0819999999999999,6.0,21.0,1.0002,3.16,0.67,9.7,328,6
7.1,0.63,0.06,2.0,0.083,8.0,29.0,0.99855,3.67,0.73,9.6,297,5
6.3,0.68,0.01,3.7,0.103,32.0,54.0,0.99586,3.51,0.66,11.3,1552,6
6.7,0.62,0.21,1.9,0.079,8.0,62.0,0.997,3.52,0.58,9.3,184,6
8.4,0.62,0.12,1.8,0.072,38.0,46.0,0.99504,3.38,0.89,11.8,922,6
8.2,0.35,0.33,2.4,0.076,11.0,47.0,0.99599,3.27,0.81,11.0,1179,6
7.0,0.975,0.04,2.0,0.087,12.0,67.0,0.99565,3.35,0.6,9.4,261,4
7.3,0.39,0.31,2.4,0.074,9.0,46.0,0.9962,3.41,0.54,9.4,59,6
7.1,0.43,0.42,5.5,0.071,28.0,128.0,0.9973,3.42,0.71,10.5,157,5
11.1,0.31,0.53,2.2,0.06,3.0,10.0,0.99572,3.02,0.83,10.9,1067,7
8.8,0.64,0.17,2.9,0.084,25.0,130.0,0.99818,3.23,0.54,9.6,791,5
6.6,0.57,0.02,2.1,0.115,6.0,16.0,0.99654,3.38,0.69,9.5,962,5
7.8,0.7,0.06,1.9,0.079,20.0,35.0,0.99628,3.4,0.69,10.9,1254,5
6.2,0.64,0.09,2.5,0.081,15.0,26.0,0.99538,3.57,0.63,12.0,1538,5
8.5,0.46,0.31,2.25,0.078,32.0,58.0,0.998,3.33,0.54,9.8,682,5
7.2,0.52,0.07,1.4,0.074,5.0,20.0,0.9973,3.32,0.81,9.6,658,6
5.2,0.32,0.25,1.8,0.103,13.0,50.0,0.9957,3.38,0.55,9.2,34,5
6.7,0.54,0.13,2.0,0.076,15.0,36.0,0.9973,3.61,0.64,9.8,823,5
7.2,0.66,0.03,2.3,0.078,16.0,86.0,0.99743,3.53,0.57,9.7,891,5
8.9,0.12,0.45,1.8,0.075,10.0,21.0,0.99552,3.41,0.76,11.9,950,7
7.4,0.55,0.19,1.8,0.0819999999999999,15.0,34.0,0.99655,3.49,0.68,10.5,1245,5
8.5,0.655,0.49,6.1,0.122,34.0,151.0,1.001,3.31,1.14,9.3,515,5
6.2,0.51,0.14,1.9,0.0559999999999999,15.0,34.0,0.99396,3.48,0.57,11.5,1569,6
7.2,0.655,0.03,1.8,0.078,7.0,12.0,0.99587,3.34,0.39,9.5,1347,5
11.2,0.5,0.74,5.15,0.1,5.0,17.0,0.9996,3.22,0.62,11.2,539,5
8.9,0.29,0.35,1.9,0.067,25.0,57.0,0.997,3.18,1.36,10.3,639,6
9.1,0.28,0.48,1.8,0.067,26.0,46.0,0.9967,3.32,1.04,10.6,372,6
8.5,0.47,0.27,1.9,0.0579999999999999,18.0,38.0,0.99518,3.16,0.85,11.1,960,6
5.1,0.42,0.0,1.8,0.044,18.0,88.0,0.99157,3.68,0.73,13.6,1228,7
8.7,0.54,0.26,2.5,0.0969999999999999,7.0,31.0,0.9976,3.27,0.6,9.3,628,6
9.5,0.46,0.24,2.7,0.092,14.0,44.0,0.998,3.12,0.74,10.0,552,6
7.1,0.6,0.0,1.8,0.074,16.0,34.0,0.9972,3.47,0.7,9.9,251,6
6.3,0.39,0.16,1.4,0.08,11.0,23.0,0.9955,3.34,0.56,9.3,25,5
7.2,0.66,0.03,2.3,0.078,16.0,86.0,0.99743,3.53,0.57,9.7,893,5
6.3,0.51,0.13,2.3,0.076,29.0,40.0,0.99574,3.42,0.75,11.0,1592,6
5.9,0.61,0.08,2.1,0.071,16.0,24.0,0.99376,3.56,0.77,11.1,831,6
9.3,0.39,0.44,2.1,0.107,34.0,125.0,0.9978,3.14,1.22,9.5,88,5
13.7,0.415,0.68,2.9,0.085,17.0,43.0,1.0014,3.06,0.8,10.0,391,6
6.2,0.44,0.39,2.5,0.077,6.0,14.0,0.99555,3.51,0.69,11.0,1503,6
6.6,0.735,0.02,7.9,0.122,68.0,124.0,0.9994,3.47,0.53,9.9,400,5
6.8,0.915,0.29,4.8,0.07,15.0,39.0,0.99577,3.53,0.54,11.1,1437,5
10.4,0.61,0.49,2.1,0.2,5.0,16.0,0.9994,3.16,0.63,8.4,517,3
7.9,0.33,0.41,1.5,0.0559999999999999,6.0,35.0,0.99396,3.29,0.71,11.0,1112,6
8.9,0.5,0.21,2.2,0.088,21.0,39.0,0.99692,3.33,0.83,11.1,1039,6
9.5,0.86,0.26,1.9,0.079,13.0,28.0,0.99712,3.25,0.62,10.0,981,5
9.1,0.68,0.11,2.8,0.093,11.0,44.0,0.99888,3.31,0.55,9.5,764,6
5.3,0.47,0.11,2.2,0.048,16.0,89.0,0.99182,3.54,0.88,13.6,1477,7
7.4,0.36,0.34,1.8,0.075,18.0,38.0,0.9933,3.38,0.88,13.6,1132,7
9.9,0.54,0.45,2.3,0.071,16.0,40.0,0.9991,3.39,0.62,9.4,642,5
6.8,0.51,0.01,2.1,0.074,9.0,25.0,0.9958,3.33,0.56,9.5,550,6
6.9,0.45,0.11,2.4,0.043,6.0,12.0,0.99354,3.3,0.65,11.4,1142,6
7.4,0.6,0.26,2.1,0.083,17.0,91.0,0.99616,3.29,0.56,9.8,1330,6
11.9,0.38,0.49,2.7,0.098,12.0,42.0,1.0004,3.16,0.61,10.3,531,5
8.8,0.44,0.49,2.8,0.083,18.0,111.0,0.9982,3.3,0.6,9.5,577,5
8.1,0.575,0.22,2.1,0.077,12.0,65.0,0.9967,3.29,0.51,9.2,105,5
7.0,0.43,0.02,1.9,0.08,15.0,28.0,0.99492,3.35,0.81,10.6,1495,6
7.5,0.38,0.48,2.6,0.073,22.0,84.0,0.9972,3.32,0.7,9.6,703,4
8.0,0.58,0.16,2.0,0.12,3.0,7.0,0.99454,3.22,0.58,11.2,1014,6
7.2,0.635,0.07,2.6,0.077,16.0,86.0,0.99748,3.51,0.54,9.7,865,5
7.4,0.6,0.26,7.3,0.07,36.0,121.0,0.9982,3.37,0.49,9.4,163,5
12.0,0.28,0.49,1.9,0.074,10.0,21.0,0.9976,2.98,0.66,9.9,583,7
10.6,0.5,0.45,2.6,0.119,34.0,68.0,0.99708,3.23,0.72,10.9,842,6
7.4,0.68,0.16,1.8,0.078,12.0,39.0,0.9977,3.5,0.7,9.9,847,6
8.0,0.59,0.16,1.8,0.065,3.0,16.0,0.9962,3.42,0.92,10.5,128,7
6.6,0.44,0.09,2.2,0.063,9.0,18.0,0.99444,3.42,0.69,11.3,1530,6
7.0,0.65,0.02,2.1,0.066,8.0,25.0,0.9972,3.47,0.67,9.5,701,6
7.8,0.5,0.12,1.8,0.178,6.0,21.0,0.996,3.28,0.87,9.8,1146,6
8.1,0.78,0.1,3.3,0.09,4.0,13.0,0.99855,3.36,0.49,9.5,1108,5
6.3,0.57,0.28,2.1,0.048,13.0,49.0,0.99374,3.41,0.6,12.8,1105,5
7.8,0.61,0.29,1.6,0.114,9.0,29.0,0.9974,3.26,1.56,9.1,13,5
5.0,1.04,0.24,1.6,0.05,32.0,96.0,0.9934,3.74,0.62,11.5,553,5
6.8,0.65,0.02,2.1,0.078,8.0,15.0,0.99498,3.35,0.62,10.4,1212,6
6.4,0.47,0.4,2.4,0.071,8.0,19.0,0.9963,3.56,0.73,10.6,1411,6
8.8,0.4,0.4,2.2,0.079,19.0,52.0,0.998,3.44,0.64,9.2,60,5
8.9,0.635,0.37,1.7,0.263,5.0,62.0,0.9971,3.0,1.09,9.3,240,5
12.3,0.5,0.49,2.2,0.089,5.0,14.0,1.0002,3.19,0.44,9.6,581,5
8.6,0.55,0.09,3.3,0.068,8.0,17.0,0.99735,3.23,0.44,10.0,801,5
6.1,0.59,0.01,2.1,0.0559999999999999,5.0,13.0,0.99472,3.52,0.56,11.4,1346,5
8.8,0.955,0.05,1.8,0.075,5.0,19.0,0.99616,3.3,0.44,9.6,1189,4
8.5,0.585,0.18,2.1,0.078,5.0,30.0,0.9967,3.2,0.48,9.8,598,6
9.0,0.58,0.25,2.8,0.075,9.0,104.0,0.99779,3.23,0.57,9.7,760,5
6.9,0.74,0.03,2.3,0.054,7.0,16.0,0.99508,3.45,0.63,11.5,1497,6
7.2,0.695,0.13,2.0,0.076,12.0,20.0,0.99546,3.29,0.54,10.1,1567,5
7.6,0.49,0.33,1.9,0.074,27.0,85.0,0.99706,3.41,0.58,9.0,1457,5
10.8,0.47,0.43,2.1,0.171,27.0,66.0,0.9982,3.17,0.76,10.8,1109,6
11.9,0.58,0.66,2.5,0.072,6.0,37.0,0.9992,3.05,0.56,10.0,362,5
9.6,0.68,0.24,2.2,0.087,5.0,28.0,0.9988,3.14,0.6,10.2,475,5
7.9,0.43,0.21,1.6,0.106,10.0,37.0,0.9966,3.17,0.91,9.5,22,5
8.5,0.28,0.35,1.7,0.061,6.0,15.0,0.99524,3.3,0.74,11.8,1134,7
11.6,0.58,0.66,2.2,0.074,10.0,47.0,1.0008,3.25,0.57,9.0,459,3
8.3,0.85,0.14,2.5,0.093,13.0,54.0,0.99724,3.36,0.54,10.1,1361,5
7.3,0.48,0.32,2.1,0.062,31.0,54.0,0.99728,3.3,0.65,10.0,1466,7
10.3,0.43,0.44,2.4,0.214,5.0,12.0,0.9994,3.19,0.63,9.5,308,6
8.0,0.57,0.23,3.2,0.073,17.0,119.0,0.99675,3.26,0.57,9.3,255,5
8.1,0.67,0.55,1.8,0.1169999999999999,32.0,141.0,0.9968,3.17,0.62,9.4,145,5
8.9,0.875,0.13,3.45,0.088,4.0,14.0,0.9994,3.44,0.52,11.5,731,5
6.7,0.675,0.07,2.4,0.089,17.0,82.0,0.9958,3.35,0.54,10.1,30,5
10.4,0.44,0.73,6.55,0.074,38.0,76.0,0.999,3.17,0.85,12.0,502,7
8.6,0.42,0.39,1.8,0.068,6.0,12.0,0.99516,3.35,0.69,11.7,1202,8
8.1,0.33,0.44,1.5,0.042,6.0,12.0,0.99542,3.35,0.61,10.7,1483,5
8.2,0.26,0.34,2.5,0.073,16.0,47.0,0.99594,3.4,0.78,11.3,857,7
9.8,0.45,0.38,2.5,0.081,34.0,66.0,0.99726,3.15,0.58,9.8,1262,5
9.4,0.3,0.56,2.8,0.08,6.0,17.0,0.9964,3.15,0.92,11.7,481,8
6.3,0.36,0.19,3.2,0.075,15.0,39.0,0.9956,3.56,0.52,12.7,609,6
6.4,0.39,0.33,3.3,0.046,12.0,53.0,0.99294,3.36,0.62,12.2,1044,6
11.1,0.18,0.48,1.5,0.068,7.0,15.0,0.9973,3.22,0.64,10.1,301,6
9.9,0.59,0.07,3.4,0.102,32.0,71.0,1.00015,3.31,0.71,9.8,285,5
10.4,0.52,0.45,2.0,0.08,6.0,13.0,0.99774,3.22,0.76,11.4,1136,6
8.4,0.745,0.11,1.9,0.09,16.0,63.0,0.9965,3.19,0.82,9.6,135,5
10.4,0.43,0.5,2.3,0.068,13.0,19.0,0.996,3.1,0.87,11.4,1267,6
7.6,0.9,0.06,2.5,0.079,5.0,10.0,0.9967,3.39,0.56,9.8,98,5
6.5,0.9,0.0,1.6,0.052,9.0,17.0,0.99467,3.5,0.63,10.9,1455,6
12.5,0.46,0.49,4.5,0.07,26.0,49.0,0.9981,3.05,0.57,9.6,409,4
7.0,0.54,0.0,2.1,0.079,39.0,55.0,0.9956,3.39,0.84,11.4,1422,6
7.5,0.64,0.0,2.4,0.077,18.0,29.0,0.9965,3.32,0.6,10.0,612,6
7.5,0.63,0.27,2.0,0.083,17.0,91.0,0.99616,3.26,0.58,9.8,1315,6
8.7,0.625,0.16,2.0,0.1009999999999999,13.0,49.0,0.9962,3.14,0.57,11.0,216,5
7.8,0.41,0.68,1.7,0.467,18.0,69.0,0.9973,3.08,1.31,9.3,106,5
6.5,0.51,0.15,3.0,0.064,12.0,27.0,0.9929,3.33,0.59,12.8,1311,6
8.4,0.25,0.39,2.0,0.0409999999999999,4.0,10.0,0.99386,3.27,0.71,12.5,806,7
8.7,0.54,0.26,2.5,0.0969999999999999,7.0,31.0,0.9976,3.27,0.6,9.3,630,6
12.5,0.56,0.49,2.4,0.064,5.0,27.0,0.9999,3.08,0.87,10.9,264,5
5.6,0.85,0.05,1.4,0.045,12.0,88.0,0.9924,3.56,0.82,12.9,390,8
7.9,0.65,0.01,2.5,0.078,17.0,38.0,0.9963,3.34,0.74,11.7,334,7
7.7,0.66,0.04,1.6,0.039,4.0,9.0,0.9962,3.4,0.47,9.4,688,5
11.2,0.4,0.5,2.0,0.099,19.0,50.0,0.99783,3.1,0.58,10.4,1548,5
7.1,0.52,0.03,2.6,0.076,21.0,92.0,0.99745,3.5,0.6,9.8,779,5
6.8,0.64,0.1,2.1,0.085,18.0,101.0,0.9956,3.34,0.52,10.2,166,5
6.7,0.46,0.24,1.7,0.077,18.0,34.0,0.9948,3.39,0.6,10.6,1325,6
6.9,0.58,0.2,1.75,0.0579999999999999,8.0,22.0,0.99322,3.38,0.49,11.7,1443,5
8.4,0.56,0.04,2.0,0.0819999999999999,10.0,22.0,0.9976,3.22,0.44,9.6,720,5
8.3,0.31,0.39,2.4,0.078,17.0,43.0,0.99444,3.31,0.77,12.5,896,7
7.0,0.58,0.28,4.8,0.085,12.0,69.0,0.99633,3.32,0.7,11.0,1257,6
6.8,0.64,0.0,2.7,0.123,15.0,33.0,0.99538,3.44,0.63,11.3,1258,6
7.5,0.77,0.2,8.1,0.098,30.0,92.0,0.99892,3.2,0.58,9.2,1071,5
7.0,0.805,0.0,2.5,0.068,7.0,20.0,0.9969,3.48,0.56,9.6,178,5
7.8,0.63,0.48,1.7,0.1,14.0,96.0,0.9961,3.19,0.62,9.5,165,5
8.3,0.49,0.36,1.8,0.222,6.0,16.0,0.998,3.18,0.6,9.5,666,6
8.3,0.56,0.22,2.4,0.0819999999999999,10.0,86.0,0.9983,3.37,0.62,9.5,1243,5
6.3,0.3,0.48,1.8,0.069,18.0,61.0,0.9959,3.44,0.78,10.3,84,6
6.4,0.64,0.21,1.8,0.081,14.0,31.0,0.99689,3.59,0.66,9.8,846,5
10.2,0.33,0.46,1.9,0.081,6.0,9.0,0.99628,3.1,0.48,10.4,1214,6
8.4,0.67,0.19,2.2,0.093,11.0,75.0,0.99736,3.2,0.59,9.2,927,4
8.0,0.25,0.43,1.7,0.067,22.0,50.0,0.9946,3.38,0.6,11.9,1135,6
7.5,0.58,0.56,3.1,0.153,5.0,14.0,0.99476,3.21,1.03,11.6,1371,6
7.5,0.6,0.03,1.8,0.095,25.0,99.0,0.995,3.35,0.54,10.1,153,5
8.3,0.31,0.39,2.4,0.078,17.0,43.0,0.99444,3.31,0.77,12.5,898,7
9.8,0.25,0.49,2.7,0.088,15.0,33.0,0.9982,3.42,0.9,10.0,520,6
8.3,0.26,0.42,2.0,0.08,11.0,27.0,0.9974,3.21,0.8,9.4,380,6
9.4,0.24,0.33,2.3,0.061,52.0,73.0,0.99786,3.47,0.9,10.2,926,6
7.2,0.725,0.05,4.65,0.086,4.0,11.0,0.9962,3.41,0.39,10.9,65,5
10.7,0.35,0.53,2.6,0.07,5.0,16.0,0.9972,3.15,0.65,11.0,495,8
6.9,0.54,0.04,3.0,0.077,7.0,27.0,0.9987,3.69,0.91,9.4,276,6
7.3,0.33,0.47,2.1,0.077,5.0,11.0,0.9958,3.33,0.53,10.3,150,6
7.4,0.7,0.0,1.9,0.076,11.0,34.0,0.9978,3.51,0.56,9.4,4,5
8.2,0.24,0.34,5.1,0.062,8.0,22.0,0.9974,3.22,0.94,10.9,1412,6
6.5,0.67,0.0,4.3,0.057,11.0,20.0,0.99488,3.45,0.56,11.8,1239,4
9.1,0.34,0.42,1.8,0.0579999999999999,9.0,18.0,0.99392,3.18,0.55,11.4,1322,5
7.9,0.24,0.4,1.6,0.0559999999999999,11.0,25.0,0.9967,3.32,0.87,8.7,371,6
10.0,0.32,0.59,2.2,0.077,3.0,15.0,0.9994,3.2,0.78,9.6,1416,5
8.8,0.6,0.29,2.2,0.098,5.0,15.0,0.9988,3.36,0.49,9.1,627,5
5.9,0.55,0.1,2.2,0.062,39.0,51.0,0.99512,3.52,0.76,11.2,1595,6
7.0,0.6,0.3,4.5,0.068,20.0,110.0,0.99914,3.3,1.17,10.2,1288,5
7.3,0.43,0.24,2.5,0.078,27.0,67.0,0.99648,3.6,0.59,11.1,1357,6
12.3,0.39,0.63,2.3,0.091,6.0,18.0,1.0004,3.16,0.49,9.5,433,5
10.6,0.36,0.6,2.2,0.152,7.0,18.0,0.9986,3.04,1.06,9.4,483,5
11.6,0.41,0.54,1.5,0.095,22.0,41.0,0.99735,3.02,0.76,9.9,1088,7
12.5,0.38,0.6,2.6,0.081,31.0,72.0,0.9996,3.1,0.73,10.5,446,5
8.0,0.725,0.24,2.8,0.083,10.0,62.0,0.99685,3.35,0.56,10.0,211,6
7.3,0.38,0.21,2.0,0.08,7.0,35.0,0.9961,3.33,0.47,9.5,176,5
7.2,0.67,0.0,2.2,0.068,10.0,24.0,0.9956,3.42,0.72,11.1,1399,6
9.3,0.37,0.44,1.6,0.038,21.0,42.0,0.99526,3.24,0.81,10.8,797,7
7.1,0.34,0.28,2.0,0.0819999999999999,31.0,68.0,0.99694,3.45,0.48,9.4,991,5
9.9,0.27,0.49,5.0,0.0819999999999999,9.0,17.0,0.99484,3.19,0.52,12.5,941,7
8.3,0.675,0.26,2.1,0.084,11.0,43.0,0.9976,3.31,0.53,9.2,73,4
8.9,0.745,0.18,2.5,0.077,15.0,48.0,0.99739,3.2,0.47,9.7,1034,6
8.7,0.69,0.31,3.0,0.086,23.0,81.0,1.0002,3.48,0.74,11.6,499,6
6.6,0.56,0.14,2.4,0.064,13.0,29.0,0.99397,3.42,0.62,11.7,1534,7
6.9,1.09,0.06,2.1,0.061,12.0,31.0,0.9948,3.51,0.43,11.4,199,4
7.5,0.42,0.31,1.6,0.08,15.0,42.0,0.9978,3.31,0.64,9.0,661,5
8.6,0.47,0.27,2.3,0.055,14.0,28.0,0.99516,3.18,0.8,11.2,924,5
15.6,0.645,0.49,4.2,0.095,10.0,23.0,1.00315,2.92,0.74,11.1,557,5
8.2,0.38,0.32,2.5,0.08,24.0,71.0,0.99624,3.27,0.85,11.0,1141,6
7.0,0.23,0.4,1.6,0.063,21.0,67.0,0.9952,3.5,0.63,11.1,454,5
7.6,0.41,0.24,1.8,0.08,4.0,11.0,0.9962,3.28,0.59,9.5,26,5
8.8,0.33,0.41,5.9,0.073,7.0,13.0,0.99658,3.3,0.62,12.1,974,7
6.2,0.785,0.0,2.1,0.06,6.0,13.0,0.99664,3.59,0.61,10.0,1461,4
8.0,0.5,0.39,2.6,0.0819999999999999,12.0,46.0,0.9985,3.43,0.62,10.7,1404,6
7.4,0.41,0.24,1.8,0.066,18.0,47.0,0.9956,3.37,0.62,10.4,1430,5
9.8,0.5,0.49,2.6,0.25,5.0,20.0,0.999,3.31,0.79,10.7,568,6
8.3,0.65,0.1,2.9,0.089,17.0,40.0,0.99803,3.29,0.55,9.5,753,5
7.7,0.64,0.21,2.2,0.077,32.0,133.0,0.9956,3.27,0.45,9.9,1419,5
5.6,0.66,0.0,2.5,0.066,7.0,15.0,0.99256,3.52,0.58,12.9,1119,5
7.6,0.51,0.15,2.8,0.11,33.0,73.0,0.9955,3.17,0.63,10.2,54,6
10.8,0.32,0.44,1.6,0.063,16.0,37.0,0.9985,3.22,0.78,10.0,250,6
9.6,0.56,0.31,2.8,0.089,15.0,46.0,0.9979,3.11,0.92,10.0,348,6
11.7,0.45,0.63,2.2,0.073,7.0,23.0,0.99974,3.21,0.69,10.9,1454,6
7.2,0.36,0.46,2.1,0.074,24.0,44.0,0.99534,3.4,0.85,11.0,1204,7
6.8,0.62,0.08,1.9,0.068,28.0,38.0,0.99651,3.42,0.82,9.5,1593,6
9.2,0.92,0.24,2.6,0.087,12.0,93.0,0.9998,3.48,0.54,9.8,691,5
8.1,0.725,0.22,2.2,0.072,11.0,41.0,0.9967,3.36,0.55,9.1,217,5
7.4,0.635,0.1,2.4,0.08,16.0,33.0,0.99736,3.58,0.69,10.8,902,7
8.8,0.3,0.38,2.3,0.06,19.0,72.0,0.99543,3.39,0.72,11.8,936,6
9.9,0.4,0.53,6.7,0.0969999999999999,6.0,19.0,0.9986,3.27,0.82,11.7,413,7
9.0,0.8,0.12,2.4,0.083,8.0,28.0,0.99836,3.33,0.65,10.4,886,6
7.2,0.41,0.3,2.1,0.083,35.0,72.0,0.997,3.44,0.52,9.4,975,5
9.2,0.31,0.36,2.2,0.079,11.0,31.0,0.99615,3.33,0.86,12.0,1093,7
7.1,0.61,0.02,2.5,0.081,17.0,87.0,0.99745,3.48,0.6,9.7,792,6
7.8,0.87,0.26,3.8,0.107,31.0,67.0,0.99668,3.26,0.46,9.2,1331,5
7.6,0.78,0.0,1.7,0.076,33.0,45.0,0.99612,3.31,0.62,10.7,1046,6
6.9,0.4,0.14,2.4,0.085,21.0,40.0,0.9968,3.43,0.63,9.7,24,6
8.8,0.61,0.14,2.4,0.067,10.0,42.0,0.9969,3.19,0.59,9.5,179,5
8.9,0.59,0.39,2.3,0.095,5.0,22.0,0.9986,3.37,0.58,10.3,456,5
8.2,0.7,0.23,2.0,0.099,14.0,81.0,0.9973,3.19,0.7,9.4,360,5
6.7,0.64,0.23,2.1,0.08,11.0,119.0,0.99538,3.36,0.7,10.9,1184,5
6.4,0.36,0.53,2.2,0.23,19.0,35.0,0.9934,3.37,0.93,12.4,1570,6
7.9,0.35,0.46,3.6,0.078,15.0,37.0,0.9973,3.35,0.86,12.8,267,8
7.3,0.59,0.26,7.2,0.07,35.0,121.0,0.9981,3.37,0.49,9.4,164,5
7.2,0.695,0.13,2.0,0.076,12.0,20.0,0.99546,3.29,0.54,10.1,1563,5
7.0,0.69,0.07,2.5,0.091,15.0,21.0,0.99572,3.38,0.6,11.3,1115,6
9.3,0.43,0.44,1.9,0.085,9.0,22.0,0.99708,3.28,0.55,9.5,850,5
9.4,0.34,0.37,2.2,0.075,5.0,13.0,0.998,3.22,0.62,9.2,256,5
12.8,0.84,0.63,2.4,0.088,13.0,35.0,0.9997,3.1,0.6,10.4,429,6
7.6,0.645,0.03,1.9,0.086,14.0,57.0,0.9969,3.37,0.46,10.3,1353,5
7.6,0.74,0.0,1.9,0.1,6.0,12.0,0.99521,3.36,0.59,11.0,1290,5
5.7,0.6,0.0,1.4,0.063,11.0,18.0,0.99191,3.45,0.56,12.2,1298,6
8.6,0.635,0.68,1.8,0.4029999999999999,19.0,56.0,0.99632,3.02,1.15,9.3,1260,5
7.4,0.64,0.07,1.8,0.1,8.0,23.0,0.9961,3.3,0.58,9.6,1386,5
7.7,0.57,0.21,1.5,0.069,4.0,9.0,0.99458,3.16,0.54,9.8,1197,6
6.4,0.57,0.02,1.8,0.067,4.0,11.0,0.997,3.46,0.68,9.5,727,5
7.0,0.38,0.49,2.5,0.0969999999999999,33.0,85.0,0.9962,3.39,0.77,11.4,527,6
7.2,0.725,0.05,4.65,0.086,4.0,11.0,0.9962,3.41,0.39,10.9,64,5
8.2,0.73,0.21,1.7,0.074,5.0,13.0,0.9968,3.2,0.52,9.5,671,5
7.4,0.53,0.26,2.0,0.1009999999999999,16.0,72.0,0.9957,3.15,0.57,9.4,221,5
8.4,0.39,0.1,1.7,0.075,6.0,25.0,0.99581,3.09,0.43,9.7,1332,6
15.0,0.21,0.44,2.2,0.075,10.0,24.0,1.00005,3.07,0.84,9.2,244,7
8.5,0.49,0.11,2.3,0.084,9.0,67.0,0.9968,3.17,0.53,9.4,23,5
7.1,0.66,0.0,3.9,0.086,17.0,45.0,0.9976,3.46,0.54,9.5,719,5
8.0,0.705,0.05,1.9,0.074,8.0,19.0,0.9962,3.34,0.95,10.5,69,6
6.9,0.54,0.04,3.0,0.077,7.0,27.0,0.9987,3.69,0.91,9.4,268,6
8.8,0.7,0.0,1.7,0.069,8.0,19.0,0.99701,3.31,0.53,10.0,762,6
9.0,0.66,0.17,3.0,0.077,5.0,13.0,0.9976,3.29,0.55,10.4,725,5
7.5,0.58,0.03,4.1,0.08,27.0,46.0,0.99592,3.02,0.47,9.2,1226,5
7.6,0.43,0.29,2.1,0.075,19.0,66.0,0.99718,3.4,0.64,9.5,1232,5
8.3,0.78,0.1,2.6,0.081,45.0,87.0,0.9983,3.48,0.53,10.0,678,5
12.0,0.39,0.66,3.0,0.093,12.0,30.0,0.9996,3.18,0.63,10.8,407,7
7.0,0.42,0.19,2.3,0.071,18.0,36.0,0.99476,3.39,0.56,10.9,1284,5
6.0,0.51,0.0,2.1,0.064,40.0,54.0,0.995,3.54,0.93,10.7,1409,6
5.6,0.915,0.0,2.1,0.0409999999999999,17.0,78.0,0.99346,3.68,0.73,11.4,1178,5
8.6,0.47,0.3,3.0,0.076,30.0,135.0,0.9976,3.3,0.53,9.4,313,5
7.8,0.6,0.14,2.4,0.086,3.0,15.0,0.9975,3.42,0.6,10.8,36,6
8.0,0.52,0.25,2.0,0.078,19.0,59.0,0.99612,3.3,0.48,10.2,1393,5
6.1,0.705,0.1,2.8,0.081,13.0,28.0,0.99631,3.6,0.66,10.2,1531,5
11.3,0.37,0.41,2.3,0.088,6.0,16.0,0.9988,3.09,0.8,9.3,619,5
6.6,0.855,0.02,2.4,0.062,15.0,23.0,0.99627,3.54,0.6,11.0,1557,6
10.5,0.51,0.64,2.4,0.107,6.0,15.0,0.9973,3.09,0.66,11.8,513,7
9.3,0.61,0.26,3.4,0.09,25.0,87.0,0.99975,3.24,0.62,9.7,321,5
8.6,0.38,0.36,3.0,0.081,30.0,119.0,0.997,3.2,0.56,9.4,53,5
8.9,0.12,0.45,1.8,0.075,10.0,21.0,0.99552,3.41,0.76,11.9,949,7
10.2,0.29,0.65,2.4,0.075,6.0,17.0,0.99565,3.22,0.63,11.8,1063,6
6.7,0.32,0.44,2.4,0.061,24.0,34.0,0.99484,3.29,0.8,11.6,1584,7
9.1,0.22,0.24,2.1,0.078,1.0,28.0,0.999,3.41,0.87,10.3,530,6
7.2,0.52,0.07,1.4,0.074,5.0,20.0,0.9973,3.32,0.81,9.6,660,6
7.3,0.69,0.32,2.2,0.069,35.0,104.0,0.99632,3.33,0.51,9.5,1572,5
7.0,0.4,0.32,3.6,0.061,9.0,29.0,0.99416,3.28,0.49,11.3,978,7
4.6,0.52,0.15,2.1,0.054,8.0,65.0,0.9934,3.9,0.56,13.1,45,4
8.5,0.37,0.32,1.8,0.066,26.0,51.0,0.99456,3.38,0.72,11.8,1264,6
6.7,0.86,0.07,2.0,0.1,20.0,57.0,0.99598,3.6,0.74,11.7,1301,6
7.9,0.545,0.06,4.0,0.087,27.0,61.0,0.9965,3.36,0.67,10.7,275,6
9.9,0.5,0.5,13.8,0.205,48.0,82.0,1.00242,3.16,0.75,8.8,1476,5
6.8,0.68,0.21,2.1,0.07,9.0,23.0,0.99546,3.38,0.6,10.3,1486,5
7.0,0.78,0.08,2.0,0.093,10.0,19.0,0.9956,3.4,0.47,10.0,706,5
9.2,0.46,0.23,2.6,0.091,18.0,77.0,0.99922,3.15,0.51,9.4,1225,5
6.0,0.58,0.2,2.4,0.075,15.0,50.0,0.99467,3.58,0.67,12.5,1573,6
8.4,0.29,0.4,1.7,0.067,8.0,20.0,0.99603,3.39,0.6,10.5,1458,5
7.2,0.48,0.07,5.5,0.089,10.0,18.0,0.99684,3.37,0.68,11.2,1133,7
8.4,0.52,0.22,2.7,0.084,4.0,18.0,0.99682,3.26,0.57,9.9,804,6
7.7,0.43,0.25,2.6,0.073,29.0,63.0,0.99615,3.37,0.58,10.5,225,6
8.5,0.47,0.27,1.9,0.0579999999999999,18.0,38.0,0.99518,3.16,0.85,11.1,964,6
7.5,0.38,0.57,2.3,0.106,5.0,12.0,0.99605,3.36,0.55,11.4,1507,6
5.2,0.48,0.04,1.6,0.054,19.0,106.0,0.9927,3.54,0.62,12.2,230,7
5.1,0.51,0.18,2.1,0.042,16.0,101.0,0.9924,3.46,0.87,12.9,1157,7
9.1,0.29,0.33,2.05,0.063,13.0,27.0,0.99516,3.26,0.84,11.7,1006,7
7.8,0.32,0.44,2.7,0.104,8.0,17.0,0.99732,3.33,0.78,11.0,1451,7
7.0,0.49,0.49,5.6,0.06,26.0,121.0,0.9974,3.34,0.76,10.5,215,5
9.0,0.58,0.25,2.0,0.104,8.0,21.0,0.99769,3.27,0.72,9.6,1227,5
7.5,0.59,0.22,1.8,0.0819999999999999,43.0,60.0,0.99499,3.1,0.42,9.2,1256,5
7.1,0.62,0.06,1.3,0.07,5.0,12.0,0.9942,3.17,0.48,9.8,1392,5
7.6,0.95,0.03,2.0,0.09,7.0,20.0,0.9959,3.2,0.56,9.6,160,5
7.4,0.36,0.29,2.6,0.087,26.0,72.0,0.99645,3.39,0.68,11.0,314,5
7.8,0.55,0.0,1.7,0.07,7.0,17.0,0.99659,3.26,0.64,9.4,1236,6
9.9,0.74,0.19,5.8,0.111,33.0,76.0,0.99878,3.14,0.55,9.4,1203,5
9.2,0.52,1.0,3.4,0.61,32.0,69.0,0.9996,2.74,2.0,9.4,151,4
6.6,0.39,0.49,1.7,0.07,23.0,149.0,0.9922,3.12,0.5,11.5,591,6
5.0,0.42,0.24,2.0,0.06,19.0,50.0,0.9917,3.72,0.74,14.0,588,8
6.0,0.5,0.0,1.4,0.057,15.0,26.0,0.99448,3.36,0.45,9.5,1338,5
12.6,0.41,0.54,2.8,0.103,19.0,41.0,0.99939,3.21,0.76,11.3,814,6
6.0,0.49,0.0,2.3,0.068,15.0,33.0,0.99292,3.58,0.59,12.5,1390,6
8.2,0.31,0.4,2.2,0.0579999999999999,6.0,10.0,0.99536,3.31,0.68,11.2,952,7
6.8,0.63,0.07,2.1,0.089,11.0,44.0,0.9953,3.47,0.55,10.4,168,6
6.7,0.75,0.12,2.0,0.086,12.0,80.0,0.9958,3.38,0.52,10.1,78,5
7.8,0.735,0.08,2.4,0.092,10.0,41.0,0.9974,3.24,0.71,9.8,214,6
7.6,0.29,0.49,2.7,0.092,25.0,60.0,0.9971,3.31,0.61,10.1,563,6
6.1,0.715,0.1,2.6,0.053,13.0,27.0,0.99362,3.57,0.5,11.9,1582,5
11.6,0.42,0.53,3.3,0.105,33.0,98.0,1.001,3.2,0.95,9.2,289,5
7.1,0.69,0.04,2.1,0.068,19.0,27.0,0.99712,3.44,0.67,9.8,1511,5
8.7,0.33,0.38,3.3,0.063,10.0,19.0,0.99468,3.3,0.73,12.0,929,7
7.3,0.98,0.05,2.1,0.061,20.0,49.0,0.99705,3.31,0.55,9.7,1469,3
7.4,0.64,0.17,5.4,0.168,52.0,98.0,0.99736,3.28,0.5,9.5,1358,5
7.8,0.58,0.02,2.0,0.073,9.0,18.0,0.9968,3.36,0.57,9.5,8,7
7.9,0.18,0.4,2.2,0.049,38.0,67.0,0.996,3.33,0.93,11.3,1429,5
6.6,0.5,0.04,2.1,0.068,6.0,14.0,0.9955,3.39,0.64,9.4,52,6
9.6,0.88,0.28,2.4,0.086,30.0,147.0,0.9979,3.24,0.53,9.4,636,5
9.6,0.41,0.37,2.3,0.091,10.0,23.0,0.99786,3.24,0.56,10.5,920,5
11.9,0.43,0.66,3.1,0.109,10.0,23.0,1.0,3.15,0.85,10.4,358,7
7.8,0.55,0.35,2.2,0.074,21.0,66.0,0.9974,3.25,0.56,9.2,431,5
7.2,0.835,0.0,2.0,0.166,4.0,11.0,0.99608,3.39,0.52,10.0,1334,5
10.1,0.27,0.54,2.3,0.065,7.0,26.0,0.99531,3.17,0.53,12.5,794,6
8.8,0.61,0.19,4.0,0.094,30.0,69.0,0.99787,3.22,0.5,10.0,884,6
7.5,0.58,0.2,2.0,0.073,34.0,44.0,0.99494,3.1,0.43,9.3,1273,5
11.3,0.37,0.5,1.8,0.09,20.0,47.0,0.99734,3.15,0.57,10.5,1285,5
8.0,0.715,0.22,2.3,0.075,13.0,81.0,0.99688,3.24,0.54,9.5,1275,6
9.4,0.27,0.53,2.4,0.074,6.0,18.0,0.9962,3.2,1.13,12.0,369,7
9.3,0.36,0.39,1.5,0.08,41.0,55.0,0.99652,3.47,0.73,10.9,856,6
6.6,0.84,0.03,2.3,0.059,32.0,48.0,0.9952,3.52,0.56,12.3,425,7
10.6,0.31,0.49,2.2,0.063,18.0,40.0,0.9976,3.14,0.51,9.8,579,6
8.2,0.57,0.26,2.2,0.06,28.0,65.0,0.9959,3.3,0.43,10.1,213,5
6.7,0.16,0.64,2.1,0.059,24.0,52.0,0.99494,3.34,0.71,11.2,1566,6
7.4,0.49,0.27,2.1,0.071,14.0,25.0,0.99388,3.35,0.63,12.0,1103,6
7.2,0.54,0.27,2.6,0.084,12.0,78.0,0.9964,3.39,0.71,11.0,906,5
6.2,0.46,0.29,2.1,0.074,32.0,98.0,0.99578,3.33,0.62,9.8,1583,5
6.8,0.81,0.05,2.0,0.07,6.0,14.0,0.99562,3.51,0.66,10.8,1506,6
7.1,0.59,0.02,2.3,0.0819999999999999,24.0,94.0,0.99744,3.55,0.53,9.7,768,6
8.2,0.24,0.34,5.1,0.062,8.0,22.0,0.9974,3.22,0.94,10.9,1406,6
8.1,0.38,0.48,1.8,0.157,5.0,17.0,0.9976,3.3,1.05,9.4,689,5
8.3,0.6,0.25,2.2,0.118,9.0,38.0,0.99616,3.15,0.53,9.8,1155,5
7.7,1.005,0.15,2.1,0.102,11.0,32.0,0.99604,3.23,0.48,10.0,1012,5
7.2,0.37,0.32,2.0,0.062,15.0,28.0,0.9947,3.23,0.73,11.3,1450,7
7.8,0.44,0.28,2.7,0.1,18.0,95.0,0.9966,3.22,0.67,9.4,208,5
12.8,0.3,0.74,2.6,0.095,9.0,28.0,0.9994,3.2,0.77,10.8,206,7
7.0,0.6,0.3,4.5,0.068,20.0,110.0,0.99914,3.3,1.17,10.2,1289,5
9.2,0.41,0.5,2.5,0.055,12.0,25.0,0.9952,3.34,0.79,13.3,491,7
6.7,0.46,0.24,1.7,0.077,18.0,34.0,0.9948,3.39,0.6,10.6,1326,6
7.8,0.82,0.29,4.3,0.083,21.0,64.0,0.99642,3.16,0.53,9.4,1501,5
7.4,0.61,0.01,2.0,0.074,13.0,38.0,0.99748,3.48,0.65,9.8,931,5
7.9,0.34,0.42,2.0,0.086,8.0,19.0,0.99546,3.35,0.6,11.4,1091,6
6.5,0.39,0.23,8.3,0.051,28.0,91.0,0.9952,3.44,0.55,12.1,494,6
9.4,0.33,0.59,2.8,0.079,9.0,30.0,0.9976,3.12,0.54,12.0,653,6
9.2,0.43,0.52,2.3,0.083,14.0,23.0,0.9976,3.35,0.61,11.3,460,6
8.0,0.52,0.03,1.7,0.07,10.0,35.0,0.99575,3.34,0.57,10.0,262,5
6.9,0.5,0.04,1.5,0.085,19.0,49.0,0.9958,3.35,0.78,9.5,175,5
5.3,0.47,0.11,2.2,0.048,16.0,89.0,0.99182,3.54,0.88,13.566666666666698,1475,7
9.3,0.36,0.39,1.5,0.08,41.0,55.0,0.99652,3.47,0.73,10.9,853,6
9.6,0.32,0.47,1.4,0.0559999999999999,9.0,24.0,0.99695,3.22,0.82,10.3,200,7
7.7,0.61,0.18,2.4,0.083,6.0,20.0,0.9963,3.29,0.6,10.2,1065,6
6.7,0.67,0.02,1.9,0.061,26.0,42.0,0.99489,3.39,0.82,10.9,1565,6
8.0,0.715,0.22,2.3,0.075,13.0,81.0,0.99688,3.24,0.54,9.5,1278,6
10.3,0.32,0.45,6.4,0.073,5.0,13.0,0.9976,3.23,0.82,12.6,278,8
9.3,0.36,0.39,1.5,0.08,41.0,55.0,0.99652,3.47,0.73,10.9,854,6
7.5,0.58,0.14,2.2,0.077,27.0,60.0,0.9963,3.28,0.59,9.8,1251,5
6.8,0.66,0.07,1.6,0.07,16.0,61.0,0.99572,3.29,0.6,9.3,1183,5
12.2,0.48,0.54,2.6,0.085,19.0,64.0,1.0,3.1,0.61,10.5,402,6
6.8,0.77,0.0,1.8,0.066,34.0,52.0,0.9976,3.62,0.68,9.9,419,5
7.9,0.2,0.35,1.7,0.054,7.0,15.0,0.99458,3.32,0.8,11.9,1459,7
13.0,0.47,0.49,4.3,0.085,6.0,47.0,1.0021,3.3,0.68,12.7,559,6
7.4,0.62,0.05,1.9,0.068,24.0,42.0,0.9961,3.42,0.57,11.5,173,6
10.0,0.31,0.47,2.6,0.085,14.0,33.0,0.99965,3.36,0.8,10.5,259,7
9.9,0.59,0.07,3.4,0.102,32.0,71.0,1.00015,3.31,0.71,9.8,284,5
8.3,0.54,0.24,3.4,0.076,16.0,112.0,0.9976,3.27,0.61,9.4,620,5
9.8,0.39,0.43,1.65,0.068,5.0,11.0,0.99478,3.19,0.46,11.4,1181,5
9.1,0.795,0.0,2.6,0.096,11.0,26.0,0.9994,3.35,0.83,9.4,351,6
12.3,0.5,0.49,2.2,0.089,5.0,14.0,1.0002,3.19,0.44,9.6,580,5
8.0,0.6,0.22,2.1,0.08,25.0,105.0,0.99613,3.3,0.49,9.9,1383,5
11.6,0.475,0.4,1.4,0.091,6.0,28.0,0.99704,3.07,0.65,10.0333333333333,1362,6
6.6,0.7,0.08,2.6,0.106,14.0,27.0,0.99665,3.44,0.58,10.2,1519,5
6.6,0.64,0.31,6.1,0.083,7.0,49.0,0.99718,3.35,0.68,10.3,1388,5
6.8,0.785,0.0,2.4,0.104,14.0,30.0,0.9966,3.52,0.55,10.7,77,6
8.9,0.61,0.49,2.0,0.27,23.0,110.0,0.9972,3.12,1.02,9.3,181,5
7.4,0.635,0.1,2.4,0.08,16.0,33.0,0.99736,3.58,0.69,10.8,901,7
9.0,0.54,0.49,2.9,0.094,41.0,110.0,0.9982,3.08,0.61,9.2,562,5
8.7,0.675,0.1,1.6,0.09,4.0,11.0,0.99745,3.31,0.65,9.55,1396,5
7.2,0.695,0.13,2.0,0.076,12.0,20.0,0.99546,3.29,0.54,10.1,1562,5
7.1,0.43,0.17,1.8,0.0819999999999999,27.0,51.0,0.99634,3.49,0.64,10.4,1047,5
9.9,0.72,0.55,1.7,0.136,24.0,52.0,0.99752,3.35,0.94,10.0,1207,5
6.7,0.48,0.08,2.1,0.064,18.0,34.0,0.99552,3.33,0.64,9.7,1525,5
8.4,0.65,0.6,2.1,0.1119999999999999,12.0,90.0,0.9973,3.2,0.52,9.2,304,5
6.1,0.56,0.0,2.2,0.079,6.0,9.0,0.9948,3.59,0.54,11.5,907,6
7.8,0.88,0.0,2.6,0.098,25.0,67.0,0.9968,3.2,0.68,9.8,1,5
7.5,0.51,0.02,1.7,0.084,13.0,31.0,0.99538,3.36,0.54,10.5,1340,6
7.9,0.18,0.4,1.8,0.062,7.0,20.0,0.9941,3.28,0.7,11.1,1509,5
7.8,0.56,0.19,1.8,0.104,12.0,47.0,0.9964,3.19,0.93,9.5,114,5
8.9,0.75,0.14,2.5,0.086,9.0,30.0,0.99824,3.34,0.64,10.5,885,5
6.8,0.59,0.1,1.7,0.063,34.0,53.0,0.9958,3.41,0.67,9.7,1464,5
6.1,0.34,0.25,1.8,0.084,4.0,28.0,0.99464,3.36,0.44,10.1,1356,5
9.3,0.715,0.24,2.1,0.07,5.0,20.0,0.9966,3.12,0.59,9.9,542,5
8.0,0.3,0.63,1.6,0.081,16.0,29.0,0.99588,3.3,0.78,10.8,1576,6
7.3,0.4,0.3,1.7,0.08,33.0,79.0,0.9969,3.41,0.65,9.5,1140,6
7.6,0.46,0.11,2.6,0.079,12.0,49.0,0.9968,3.21,0.57,10.0,717,5
11.4,0.625,0.66,6.2,0.088,6.0,24.0,0.9988,3.11,0.99,13.3,378,6
6.8,0.67,0.0,1.9,0.08,22.0,39.0,0.99701,3.4,0.74,9.7,1447,5
6.8,0.69,0.0,5.6,0.124,21.0,58.0,0.9997,3.46,0.72,10.2,625,5
11.8,0.38,0.55,2.1,0.071,5.0,19.0,0.9986,3.11,0.62,10.8,699,6
7.6,0.36,0.31,1.7,0.079,26.0,65.0,0.99716,3.46,0.62,9.5,1173,6
7.6,0.68,0.02,1.3,0.072,9.0,20.0,0.9965,3.17,1.08,9.2,161,4
9.1,0.5,0.3,1.9,0.065,8.0,17.0,0.99774,3.32,0.71,10.5,983,6
11.6,0.53,0.66,3.65,0.121,6.0,14.0,0.9978,3.05,0.74,11.5,326,7
7.2,0.57,0.06,1.6,0.076,9.0,27.0,0.9972,3.36,0.7,9.6,662,6
9.3,0.43,0.44,1.9,0.085,9.0,22.0,0.99708,3.28,0.55,9.5,851,5
8.3,0.28,0.48,2.1,0.093,6.0,12.0,0.99408,3.26,0.62,12.4,951,7
9.9,0.63,0.24,2.4,0.077,6.0,33.0,0.9974,3.09,0.57,9.4,529,5
7.6,0.5,0.29,2.3,0.086,5.0,14.0,0.99502,3.32,0.62,11.5,1169,6
6.2,0.46,0.17,1.6,0.073,7.0,11.0,0.99425,3.61,0.54,11.4,939,5
7.3,0.48,0.32,2.1,0.062,31.0,54.0,0.99728,3.3,0.65,10.0,1468,7
10.3,0.44,0.5,4.5,0.107,5.0,13.0,0.998,3.28,0.83,11.5,327,5
9.6,0.42,0.35,2.1,0.083,17.0,38.0,0.99622,3.23,0.66,11.1,1153,6
7.3,0.59,0.26,2.0,0.08,17.0,104.0,0.99584,3.28,0.52,9.9,1397,5
6.4,0.57,0.12,2.3,0.12,25.0,36.0,0.99519,3.47,0.71,11.3,958,7
11.9,0.39,0.69,2.8,0.095,17.0,35.0,0.9994,3.1,0.61,10.8,450,6
6.8,0.41,0.31,8.8,0.084,26.0,45.0,0.99824,3.38,0.64,10.1,917,6
10.2,0.24,0.49,2.4,0.075,10.0,28.0,0.9978,3.14,0.61,10.4,572,5
6.4,0.36,0.21,2.2,0.047,26.0,48.0,0.99661,3.47,0.77,9.7,1510,6
8.9,0.32,0.31,2.0,0.088,12.0,19.0,0.9957,3.17,0.55,10.4,1011,6
10.2,0.49,0.63,2.9,0.072,10.0,26.0,0.9968,3.16,0.78,12.5,505,7
12.5,0.46,0.63,2.0,0.071,6.0,15.0,0.9988,2.99,0.87,10.2,363,5
9.9,0.53,0.57,2.4,0.093,30.0,52.0,0.9971,3.19,0.76,11.6,1058,7
8.0,0.77,0.32,2.1,0.079,16.0,74.0,0.99656,3.27,0.5,9.8,1368,6
10.7,0.9,0.34,6.6,0.1119999999999999,23.0,99.0,1.00289,3.22,0.68,9.3,889,5
7.1,0.59,0.01,2.3,0.08,27.0,43.0,0.9955,3.42,0.58,10.7,895,6
8.1,0.29,0.36,2.2,0.048,35.0,53.0,0.995,3.27,1.01,12.4,1408,7
9.8,0.44,0.47,2.5,0.063,9.0,28.0,0.9981,3.24,0.65,10.8,406,6
11.9,0.38,0.49,2.7,0.098,12.0,42.0,1.0004,3.16,0.61,10.3,532,5
9.2,0.59,0.24,3.3,0.1009999999999999,20.0,47.0,0.9988,3.26,0.67,9.6,540,5
9.0,0.46,0.31,2.8,0.093,19.0,98.0,0.99815,3.32,0.63,9.5,312,6
7.8,0.6,0.26,2.0,0.08,31.0,131.0,0.99622,3.21,0.52,9.9,1561,5
7.9,0.29,0.49,2.2,0.096,21.0,59.0,0.99714,3.31,0.67,10.1,1528,6
9.4,0.59,0.14,2.0,0.084,25.0,48.0,0.9981,3.14,0.56,9.7,665,5
8.7,0.69,0.31,3.0,0.086,23.0,81.0,1.0002,3.48,0.74,11.6,493,6
7.8,0.545,0.12,2.5,0.068,11.0,35.0,0.996,3.34,0.61,11.6,708,6
6.8,0.59,0.06,6.0,0.06,11.0,18.0,0.9962,3.41,0.59,10.8,904,7
5.8,0.61,0.11,1.8,0.066,18.0,28.0,0.99483,3.55,0.66,10.9,1587,6
6.9,0.63,0.33,6.7,0.235,66.0,115.0,0.99787,3.22,0.56,9.5,1558,5
10.0,0.43,0.33,2.7,0.095,28.0,89.0,0.9984,3.22,0.68,10.0,1128,5
10.6,0.28,0.39,15.5,0.069,6.0,23.0,1.0026,3.12,0.66,9.2,480,5
7.9,0.4,0.29,1.8,0.157,1.0,44.0,0.9973,3.3,0.92,9.5,773,6
8.8,0.31,0.4,2.8,0.109,7.0,16.0,0.99614,3.31,0.79,11.8,875,7
8.1,0.38,0.28,2.1,0.066,13.0,30.0,0.9968,3.23,0.73,9.7,37,7
7.5,0.4,0.18,1.6,0.079,24.0,58.0,0.9965,3.34,0.58,9.4,1421,5
10.0,0.46,0.44,2.9,0.065,4.0,8.0,0.99674,3.33,0.62,12.2,912,6
7.5,0.51,0.02,1.7,0.084,13.0,31.0,0.99538,3.36,0.54,10.5,1339,6
8.7,0.46,0.31,2.5,0.126,24.0,64.0,0.99746,3.1,0.74,9.6,796,5
7.2,1.0,0.0,3.0,0.102,7.0,16.0,0.99586,3.43,0.46,10.0,775,5
8.5,0.66,0.2,2.1,0.0969999999999999,23.0,113.0,0.99733,3.13,0.48,9.2,967,5
5.1,0.585,0.0,1.7,0.044,14.0,86.0,0.99264,3.56,0.94,12.9,802,7
8.8,0.24,0.35,1.7,0.055,13.0,27.0,0.99394,3.14,0.59,11.3,1125,7
7.3,0.695,0.0,2.5,0.075,3.0,13.0,0.998,3.49,0.52,9.2,122,5
10.9,0.39,0.47,1.8,0.118,6.0,14.0,0.9982,3.3,0.75,9.8,343,6
7.1,0.34,0.28,2.0,0.0819999999999999,31.0,68.0,0.99694,3.45,0.48,9.4,993,5
6.7,0.64,0.23,2.1,0.08,11.0,119.0,0.99538,3.36,0.7,10.9,1188,5
8.6,0.645,0.25,2.0,0.083,8.0,28.0,0.99815,3.28,0.6,10.0,223,6
7.7,0.56,0.2,2.0,0.075,9.0,39.0,0.9987,3.48,0.62,9.3,734,5
6.6,0.52,0.04,2.2,0.069,8.0,15.0,0.9956,3.4,0.63,9.4,51,6
6.3,0.98,0.01,2.0,0.057,15.0,33.0,0.99488,3.6,0.46,11.2,756,6
15.0,0.21,0.44,2.2,0.075,10.0,24.0,1.00005,3.07,0.84,9.2,243,7
8.6,0.22,0.36,1.9,0.064,53.0,77.0,0.99604,3.47,0.87,11.0,925,7
8.0,0.38,0.44,1.9,0.098,6.0,15.0,0.9956,3.3,0.64,11.4,1062,6
5.6,0.62,0.03,1.5,0.08,6.0,13.0,0.99498,3.66,0.62,10.1,1480,4
8.1,0.78,0.23,2.6,0.059,5.0,15.0,0.997,3.37,0.56,11.3,683,5
8.4,0.745,0.11,1.9,0.09,16.0,63.0,0.9965,3.19,0.82,9.6,140,5
7.6,0.43,0.31,2.1,0.069,13.0,74.0,0.9958,3.26,0.54,9.9,1431,6
9.9,0.35,0.41,2.3,0.083,11.0,61.0,0.9982,3.21,0.5,9.5,785,5
8.9,0.48,0.53,4.0,0.1009999999999999,3.0,10.0,0.99586,3.21,0.59,12.1,1056,7
10.9,0.32,0.52,1.8,0.132,17.0,44.0,0.99734,3.28,0.77,11.5,1221,6
6.3,1.02,0.0,2.0,0.083,17.0,24.0,0.99437,3.59,0.55,11.2,1261,4
8.7,0.52,0.09,2.5,0.091,20.0,49.0,0.9976,3.34,0.86,10.6,288,7
12.4,0.35,0.49,2.6,0.079,27.0,69.0,0.9994,3.12,0.75,10.4,548,6
6.3,0.47,0.0,1.4,0.055,27.0,33.0,0.9922,3.45,0.48,12.3,1122,6
7.7,0.18,0.34,2.7,0.066,15.0,58.0,0.9947,3.37,0.78,11.8,1230,6
15.5,0.645,0.49,4.2,0.095,10.0,23.0,1.00315,2.92,0.74,11.1,554,5
7.9,0.19,0.42,1.6,0.057,18.0,30.0,0.994,3.29,0.69,11.2,1087,6
7.6,0.35,0.6,2.6,0.073,23.0,44.0,0.99656,3.38,0.79,11.1,1472,6
7.4,0.785,0.19,5.2,0.094,19.0,98.0,0.99713,3.16,0.52,9.6,1445,6
7.4,0.52,0.13,2.4,0.078,34.0,61.0,0.99528,3.43,0.59,10.8,908,6
11.7,0.28,0.47,1.7,0.054,17.0,32.0,0.99686,3.15,0.67,10.6,858,7
7.2,0.62,0.01,2.3,0.065,8.0,46.0,0.99332,3.32,0.51,11.8,1351,6
8.1,0.82,0.0,4.1,0.095,5.0,14.0,0.99854,3.36,0.53,9.6,1032,5
10.4,0.26,0.48,1.9,0.066,6.0,10.0,0.99724,3.33,0.87,10.9,971,6
5.2,0.34,0.0,1.8,0.05,27.0,63.0,0.9916,3.68,0.79,14.0,144,6
7.5,0.41,0.15,3.7,0.104,29.0,94.0,0.99786,3.14,0.58,9.1,1138,5
8.7,0.7,0.24,2.5,0.226,5.0,15.0,0.9991,3.32,0.6,9.0,567,6
8.4,1.035,0.15,6.0,0.073,11.0,54.0,0.999,3.37,0.49,9.9,705,5
7.0,0.62,0.1,1.4,0.071,27.0,63.0,0.996,3.28,0.61,9.2,1309,5
8.0,0.48,0.34,2.2,0.073,16.0,25.0,0.9936,3.28,0.66,12.4,1104,6
7.7,0.27,0.68,3.5,0.358,5.0,10.0,0.9972,3.25,1.08,9.9,281,7
7.4,0.39,0.48,2.0,0.0819999999999999,14.0,67.0,0.9972,3.34,0.55,9.2,186,5
9.9,0.5,0.5,13.8,0.205,48.0,82.0,1.00242,3.16,0.75,8.8,1474,5
7.8,0.59,0.18,2.3,0.076,17.0,54.0,0.9975,3.43,0.59,10.0,58,5
7.8,0.64,0.0,1.9,0.072,27.0,55.0,0.9962,3.31,0.63,11.0,1428,5
10.0,0.49,0.2,11.0,0.071,13.0,50.0,1.0015,3.16,0.69,9.2,324,6
10.0,0.48,0.24,2.7,0.102,13.0,32.0,1.0,3.28,0.56,10.0,534,6
8.8,0.52,0.34,2.7,0.087,24.0,122.0,0.9982,3.26,0.61,9.5,414,5
7.3,0.73,0.24,1.9,0.108,18.0,102.0,0.9967,3.26,0.59,9.3,587,5
10.6,0.31,0.49,2.5,0.067,6.0,21.0,0.9987,3.26,0.86,10.7,547,6
7.5,0.27,0.34,2.3,0.05,4.0,8.0,0.9951,3.4,0.64,11.0,826,7
5.3,0.715,0.19,1.5,0.161,7.0,62.0,0.99395,3.62,0.61,11.0,916,5
9.5,0.55,0.66,2.3,0.387,12.0,37.0,0.9982,3.17,0.67,9.6,730,5
8.6,0.49,0.28,1.9,0.11,20.0,136.0,0.9972,2.93,1.95,9.9,91,6
7.6,0.39,0.31,2.3,0.0819999999999999,23.0,71.0,0.9982,3.52,0.65,9.7,21,5
7.1,0.22,0.49,1.8,0.039,8.0,18.0,0.99344,3.39,0.56,12.4,1490,6
9.0,0.47,0.31,2.7,0.084,24.0,125.0,0.9984,3.31,0.61,9.4,694,5
9.1,0.22,0.24,2.1,0.078,1.0,28.0,0.999,3.41,0.87,10.3,535,6
7.9,0.37,0.23,1.8,0.077,23.0,49.0,0.9963,3.28,0.67,9.3,263,5
8.7,0.42,0.45,2.4,0.072,32.0,59.0,0.99617,3.33,0.77,12.0,1083,6
7.5,0.53,0.06,2.6,0.086,20.0,44.0,0.9965,3.38,0.59,10.7,300,6
7.1,0.39,0.12,2.1,0.065,14.0,24.0,0.99252,3.3,0.53,13.3,1118,6
7.5,0.61,0.2,1.7,0.076,36.0,60.0,0.99494,3.1,0.4,9.3,1240,5
10.4,0.24,0.49,1.8,0.075,6.0,20.0,0.9977,3.18,1.06,11.0,477,6
8.2,0.32,0.42,2.3,0.098,3.0,9.0,0.99506,3.27,0.55,12.3,1023,6
7.7,0.96,0.2,2.0,0.047,15.0,60.0,0.9955,3.36,0.44,10.9,422,5
7.6,0.41,0.33,2.5,0.078,6.0,23.0,0.9957,3.3,0.58,11.2,1427,5
9.9,0.54,0.45,2.3,0.071,16.0,40.0,0.9991,3.39,0.62,9.4,640,5
10.0,0.35,0.47,2.0,0.061,6.0,11.0,0.99585,3.23,0.52,12.0,1149,6
7.7,0.51,0.28,2.1,0.087,23.0,54.0,0.998,3.42,0.74,9.2,384,5
7.6,0.3,0.42,2.0,0.052,6.0,24.0,0.9963,3.44,0.82,11.9,1402,6
8.9,0.4,0.32,5.6,0.087,10.0,47.0,0.9991,3.38,0.77,10.5,283,7
8.9,0.59,0.5,2.0,0.337,27.0,81.0,0.9964,3.04,1.61,9.5,226,6
8.7,0.41,0.41,6.2,0.078,25.0,42.0,0.9953,3.24,0.77,12.6,1038,7
12.7,0.6,0.49,2.8,0.075,5.0,19.0,0.9994,3.14,0.57,11.4,560,5
7.5,0.43,0.3,2.2,0.062,6.0,12.0,0.99495,3.44,0.72,11.5,1000,7
10.0,0.56,0.24,2.2,0.079,19.0,58.0,0.9991,3.18,0.56,10.1,788,6
6.1,0.4,0.16,1.8,0.069,11.0,25.0,0.9955,3.42,0.74,10.1,1433,7
7.0,0.59,0.0,1.7,0.052,3.0,8.0,0.996,3.41,0.47,10.3,1438,5
7.5,0.4,0.12,3.0,0.092,29.0,53.0,0.9967,3.37,0.7,10.3,287,6
8.8,0.66,0.26,1.7,0.074,4.0,23.0,0.9971,3.15,0.74,9.2,50,5
8.6,0.52,0.38,1.5,0.096,5.0,18.0,0.99666,3.2,0.52,9.4,1099,5
9.9,0.74,0.28,2.6,0.078,21.0,77.0,0.998,3.28,0.51,9.8,714,5
5.9,0.645,0.12,2.0,0.075,32.0,44.0,0.99547,3.57,0.71,10.2,1597,5
5.6,0.5,0.09,2.3,0.049,17.0,99.0,0.9937,3.63,0.63,13.0,131,5
6.9,0.41,0.31,2.0,0.079,21.0,51.0,0.99668,3.47,0.55,9.5,1268,6
10.0,0.56,0.24,2.2,0.079,19.0,58.0,0.9991,3.18,0.56,10.1,787,6
8.4,0.34,0.42,2.1,0.072,23.0,36.0,0.99392,3.11,0.78,12.4,1100,6
10.9,0.39,0.47,1.8,0.118,6.0,14.0,0.9982,3.3,0.75,9.8,342,6
7.9,0.32,0.51,1.8,0.341,17.0,56.0,0.9969,3.04,1.08,9.2,19,6
8.6,0.53,0.22,2.0,0.1,7.0,27.0,0.9967,3.2,0.56,10.2,448,6
6.6,0.66,0.0,3.0,0.115,21.0,31.0,0.99629,3.45,0.63,10.3,841,5
11.2,0.66,0.24,2.5,0.085,16.0,53.0,0.9993,3.06,0.72,11.0,543,6
7.2,0.63,0.0,1.9,0.0969999999999999,14.0,38.0,0.99675,3.37,0.58,9.0,235,6
9.1,0.4,0.57,4.6,0.08,6.0,20.0,0.99652,3.28,0.57,12.5,1190,6
7.1,0.71,0.0,1.9,0.08,14.0,35.0,0.9972,3.47,0.55,9.4,28,5
8.6,0.315,0.4,2.2,0.079,3.0,6.0,0.99512,3.27,0.67,11.9,915,6
6.5,0.61,0.0,2.2,0.095,48.0,59.0,0.99541,3.61,0.7,11.5,1175,6
7.1,0.59,0.01,2.5,0.077,20.0,85.0,0.99746,3.55,0.59,9.8,784,5
7.8,0.6,0.26,2.0,0.08,31.0,131.0,0.99622,3.21,0.52,9.9,1560,5
8.4,0.59,0.29,2.6,0.109,31.0,119.0,0.99801,3.15,0.5,9.1,977,5
8.2,0.44,0.24,2.3,0.063,10.0,28.0,0.99613,3.25,0.53,10.2,1345,6
8.1,0.87,0.0,3.3,0.096,26.0,61.0,1.00025,3.6,0.72,9.8,266,4
8.7,0.78,0.51,1.7,0.415,12.0,66.0,0.99623,3.0,1.17,9.2,1372,5
7.7,0.6,0.06,2.0,0.079,19.0,41.0,0.99697,3.39,0.62,10.1,995,6
8.4,0.56,0.04,2.0,0.0819999999999999,10.0,22.0,0.9976,3.22,0.44,9.6,718,5
6.9,0.84,0.21,4.1,0.074,16.0,65.0,0.99842,3.53,0.72,9.25,1515,6
11.3,0.34,0.45,2.0,0.0819999999999999,6.0,15.0,0.9988,2.94,0.66,9.2,667,6
6.2,0.39,0.43,2.0,0.071,14.0,24.0,0.99428,3.45,0.87,11.2,1209,7
9.1,0.4,0.5,1.8,0.071,7.0,16.0,0.99462,3.21,0.69,12.5,1061,8
10.5,0.42,0.66,2.95,0.1159999999999999,12.0,29.0,0.997,3.24,0.75,11.7,357,7
7.8,0.645,0.0,2.0,0.0819999999999999,8.0,16.0,0.9964,3.38,0.59,9.8,29,6
8.7,0.48,0.3,2.8,0.066,10.0,28.0,0.9964,3.33,0.67,11.2,648,7
11.5,0.59,0.59,2.6,0.087,13.0,49.0,0.9988,3.18,0.65,11.0,397,6
7.5,0.51,0.02,1.7,0.084,13.0,31.0,0.99538,3.36,0.54,10.5,1343,6
9.5,0.46,0.49,6.3,0.064,5.0,17.0,0.9988,3.21,0.73,11.0,541,6
8.2,0.51,0.24,2.0,0.079,16.0,86.0,0.99764,3.34,0.64,9.5,1139,6
10.2,0.645,0.36,1.8,0.053,5.0,14.0,0.9982,3.17,0.42,10.0,487,6
10.0,0.26,0.54,1.9,0.083,42.0,74.0,0.99451,2.98,0.63,11.8,1090,8
7.2,0.73,0.02,2.5,0.076,16.0,42.0,0.9972,3.44,0.52,9.3,182,5
7.8,0.815,0.01,2.6,0.074,48.0,90.0,0.99621,3.38,0.62,10.8,1231,5
6.4,0.38,0.14,2.2,0.038,15.0,25.0,0.99514,3.44,0.65,11.1,1571,6
8.2,1.33,0.0,1.7,0.081,3.0,12.0,0.9964,3.53,0.49,10.9,126,5
11.4,0.36,0.69,2.1,0.09,6.0,21.0,1.0,3.17,0.62,9.2,468,6
10.7,0.43,0.39,2.2,0.106,8.0,32.0,0.9986,2.89,0.5,9.6,656,5
8.0,0.42,0.17,2.0,0.073,6.0,18.0,0.9972,3.29,0.61,9.2,172,6
6.7,1.04,0.08,2.3,0.067,19.0,32.0,0.99648,3.52,0.57,11.0,1467,4
8.0,0.39,0.3,1.9,0.074,32.0,84.0,0.99717,3.39,0.61,9.0,1533,5
7.4,0.35,0.33,2.4,0.068,9.0,26.0,0.9947,3.36,0.6,11.9,1580,6
7.9,0.57,0.31,2.0,0.079,10.0,79.0,0.99677,3.29,0.69,9.5,1216,6
7.5,0.52,0.4,2.2,0.06,12.0,20.0,0.99474,3.26,0.64,11.8,1575,6
