0,1,2,3,4,5,6,7,8,9,10,11,quality
-0.8600176266331436,0.44136824804330316,-1.1586853963732506,-0.7809071914844973,-0.6217162157843021,-1.0464140472921593,-1.1230476977439836,-0.7488048643632449,0.6921267906989329,-0.3351029612835771,-0.8743227214797951,-1.2776436884595896,
-0.8010354017706317,1.7266492163722025,-0.2863308228269978,1.2114142963503403,-0.26314650564523945,0.028657159684681976,0.6004455865076932,0.907976861556122,1.4119615640192036,0.3875492761049942,-1.122572318197019,1.5032545645377229,
-0.7420531769081202,0.27372290434822916,-0.7481655970573671,-0.4743961933560607,0.09542320449382341,1.7878645892831497,2.4492838368867647,-0.5658794372112268,0.8230058403935278,-1.0577551986721483,0.05661326620978575,-0.85792607287563,
-0.27019537800802723,-0.28509490796868353,2.12547299815382,-0.627651692420279,6.929340033026549,-0.1668103324929255,-0.4336503840433129,-0.06414112273724433,-1.467377529261882,2.4350639487059467,-1.2466971165556278,-0.13256793722540214,6.0
2.50196919053002,0.3854864668116118,1.1504884747785955,1.3646697954145588,0.28525422750862156,-1.0464140472921593,-0.997702731616589,2.2563985817049605,-0.42034513170512255,0.5079913156697562,1.3599236489751994,-0.6448386680406966,
-0.21121315314551528,0.05019577942146445,0.3807638510613135,-0.014629696163405755,-0.22096183386417317,-0.753212809025748,-0.903694007021043,-2.2644726893368023,-0.7475427559416085,0.3875492761049942,2.4770468342026954,0.6552097412552608,
0.31962687061708966,0.44136824804330316,-0.645535647228396,-0.09125744569551497,-0.410792856878971,-0.5577453168481405,-0.1202879687248262,0.11355786363896865,-0.8129822807889073,-0.3953239810659581,-0.8743227214797951,-1.3680444056622887,
-0.5061242774580734,-0.17333134550530088,1.0478585249496244,-0.3977684438239515,-0.010038474958842214,0.5173258901287008,0.8511355187624826,0.16582227139667152,0.2994896416151481,-0.5157660206307201,-1.2466971165556278,-1.5789794124685865,
-0.38815982773305063,-0.6762673765905225,-0.645535647228396,0.36850905149713997,0.01105386093169091,0.5173258901287008,-0.08895172719297752,-0.14776417514960374,0.03773154222595823,-0.5157660206307201,0.05661326620978575,-0.3951604967189565,
0.43759132034211257,-0.4527402516637572,1.1504884747785955,0.06199805336870346,-0.052223146739908174,0.5173258901287008,0.9138080018261799,1.0543172032777364,0.23405011676785206,-0.5157660206307201,-0.6881355239418796,-0.4812564178643841,
1.2633424684172756,-0.5086220328954485,2.382047872726247,3.088794159887015,-0.26314650564523945,2.1787995736383645,0.9451442433580286,1.2111104265508452,-0.9438613304835023,1.1704225332759464,1.453017247744157,-0.677124638470232,5.0
-0.44714205259556206,-1.2350851889074352,0.7399686754627115,-0.09125744569551497,-0.45297752866003727,1.7878645892831497,0.4437643788484499,-0.9212774099636527,0.16861059192055317,1.1704225332759464,0.8944556551304088,1.6582272225994927,
-0.977982076358167,1.0840087322077527,-0.9021105218008234,2.2842027897998687,0.643823937647682,-0.6554790629369442,-0.903694007021043,-0.06936756351299142,0.23405011676785206,-0.9975341788897674,0.33589406251666065,0.6035521885680042,
-0.5061242774580734,-0.2292131267369922,0.02155902665991516,-0.3211406942918423,-0.3264235133168388,-0.1668103324929255,-0.6530040747662536,-1.464827250643844,0.23405011676785206,-0.15443990193643412,1.453017247744157,0.6143141787111827,
-1.5678043249832834,0.05019577942146445,-1.1586853963732506,-0.627651692420279,-0.790454902908567,-1.0464140472921593,-1.0290389731484377,-1.297581145819183,2.6553125361178567,-0.4555450008483391,0.8944556551304088,1.4472922157931951,
1.3813069181422986,2.7325212785426456,0.8425986252916826,0.29188130196503076,-0.22096183386417317,1.0059946205727195,1.3211791417402128,0.8975239800045698,-1.532817054109178,-0.5157660206307201,-0.3157611288660469,-0.24879743077172947,
1.2633424684172756,-1.4027305326025088,1.407063349351023,0.13862580290081267,0.3907159069612869,-1.0464140472921593,-0.8410215239573456,1.1065816110354394,-0.42034513170512255,-0.15443990193643412,-0.8743227214797951,-0.3973128947475921,
-0.7420531769081202,-0.11744956427360954,-0.9021105218008234,-0.3211406942918423,-0.5162545363316366,-1.144147793380963,-1.1543839392758324,-0.44044485859277466,0.23405011676785206,-0.6964290799778624,0.05661326620978575,0.44427473444896304,
-0.27019537800802723,-0.005686001810226881,-1.3126303211167072,-0.704279441952388,-0.19986949797364004,-1.2418815394697669,-0.8410215239573456,-0.879465883757502,-1.0093008553307983,-1.1781972382369101,-0.5950419251729202,1.300929149845968,
0.08369797116704292,-1.2350851889074352,0.12418897648888591,0.4451368010292492,2.267933801218731,-0.1668103324929255,-0.6216678332344049,-0.6913140158297368,-0.6166637062470135,0.7488753947992801,1.453017247744157,0.1429390104399663,
0.5555557700671354,-0.9556762827489789,0.3807638510613135,-0.704279441952388,-0.5162545363316366,-1.0464140472921593,-1.0603752146802863,-0.006650274203794383,-0.7475427559416085,0.08644417719308987,0.05661326620978575,0.7628296426870453,
0.496573545204624,-1.4027305326025088,0.9965435500351392,4.966174023423688,0.580546929976085,-1.2418815394697669,-1.1543839392758324,1.2163368673265922,-0.8784218056362033,-0.3351029612835771,0.42898766128561844,0.20535855327040134,
-0.27019537800802723,-0.17333134550530088,-0.49159072248493957,-0.704279441952388,-0.09440781852097647,0.5173258901287008,1.759886523186094,-0.35682180618041526,0.4958082161570419,-1.0577551986721483,-0.8743227214797951,-1.4885786952658875,
-0.5651065023205855,-1.0674398452123612,0.329448876146828,-0.014629696163405755,-0.4740698645505704,0.5173258901287008,-0.27696917638406954,-0.7749370682420963,0.23405011676785206,0.6886543750168992,1.5461108465131148,1.294471955760061,5.0
-0.15223092828300383,-0.4527402516637572,-0.18370087299802676,-0.24451294475973306,0.1587002121654228,0.028657159684681976,-0.5276591086388589,-0.2522929906650095,-0.6821032310943124,-0.9975341788897674,-0.22266753009708917,-0.2896929933158076,
-0.7420531769081202,1.1398905134394441,-1.1073704214587654,-0.3977684438239515,-0.11550015441150754,-0.2645440785817293,0.25574692965735785,-0.04323535963413998,0.4958082161570419,-0.5157660206307201,-0.5950419251729202,-1.6198749750126646,
0.3786090954796011,-1.4027305326025088,0.9452285751206536,-0.627651692420279,-0.410792856878971,-0.8509465551145518,-1.0603752146802863,-1.6425262370200568,-0.42034513170512255,-0.6362080601954814,1.7322980440510318,0.41844595810533475,
2.14807584135495,-0.8439127202855962,1.2531184246075664,-0.3977684438239515,0.7281932812098165,-0.8509465551145518,-0.809685282425497,1.5246968730971204,-0.48578465655241854,0.6284333552345182,-0.036480332559172005,-0.8557736748469943,
0.2606446457545772,1.3075358571345181,-0.2350158479125123,-0.16788519522762418,-0.4740698645505704,-0.6554790629369442,-0.1202879687248262,-0.20002858290730663,-1.401938004414583,-0.6362080601954814,-0.9674163202487529,-0.8966692373910724,
-0.6240887271830968,0.2178411231165378,-1.1073704214587654,-0.16788519522762418,-0.11550015441150754,0.028657159684681976,-0.3083054179159182,-0.5449736741081804,0.430368691309743,-0.3351029612835771,-0.12957393132812975,0.9673074554074359,
-1.0959465260831898,0.8884224978968331,-1.3639452960311926,-0.6659655671863336,-0.6639008875653684,-0.8509465551145518,-1.0603752146802863,-2.6460028659680797,1.0193244149354217,-0.7566500997602434,2.29085963666478,0.39476957979034216,6.0
-0.8600176266331436,0.16195934188484712,-1.2100003712877363,-0.627651692420279,-0.052223146739908174,0.22412465186228947,-0.33964165944776686,0.06129345588126578,0.8230058403935278,-0.15443990193643412,-0.4088547276350047,-0.7825921418733808,5.0
3.2687381137426716,-0.2292131267369922,2.074158023239334,0.36850905149713997,0.13760787627488966,-0.9486803012033556,-0.9663664900847403,1.0020527955200336,-1.9254542031929627,1.6521906915349944,1.453017247744157,-1.0085939348801283,
0.024715746304531494,-0.5645038141271399,0.17550395140337144,0.6750200496255765,-0.1576848261925738,-0.8509465551145518,-0.3709779009796156,0.6257490596645032,0.2994896416151481,-0.2748819415011961,0.05661326620978575,-0.08091038453814557,
0.31962687061708966,-0.28509490796868353,0.7399686754627115,0.5983923000934673,0.11651554038435653,1.0059946205727195,0.19307444659366052,0.7929951644891641,-0.02770798262133778,-0.7566500997602434,0.05661326620978575,-0.4489704474348487,
0.024715746304531494,0.6928362635859141,-0.7481655970573671,-0.16788519522762418,-0.0733154826304413,-0.06907658640412177,2.104585180036429,-0.04323535963413998,-0.9438613304835023,0.026223157410708877,-0.5950419251729202,-1.686599313900371,
1.027413568967229,0.32960468557992045,0.22681892631785694,-0.24451294475973306,0.07433086860329029,1.0059946205727195,0.5064368619121472,1.4201680575816567,-0.8784218056362033,-0.15443990193643412,-0.22266753009708917,-0.655600658183875,
1.0863957938297404,-0.8997945015172876,0.3807638510613135,-0.09125744569551497,-0.031130810849375048,-1.0464140472921593,-0.903694007021043,0.07697277820856503,-0.9438613304835023,-0.03399786237167212,0.1497068649787435,0.47225590882122703,
-1.921697674158353,-0.8439127202855962,-1.3126303211167072,-0.704279441952388,-0.8115472387991001,1.0059946205727195,0.4437643788484499,-3.0536652464781504,2.524433486423262,0.5682123354521371,3.314889223123319,0.9780694455506144,
-0.6830709520456087,-1.2350851889074352,0.17550395140337144,-0.24451294475973306,-0.7060855593464346,1.9833320814607571,2.5432925614823105,-0.09549976739184285,-2.4489704019713425,5.80744105651928,-0.8743227214797951,-0.19929227611310857,5.0
1.0863957938297404,-1.2350851889074352,0.4320788259757987,-0.704279441952388,-0.24205416975470628,-0.6554790629369442,-0.5589953501707076,0.01948192967511508,-0.48578465655241854,1.0499804937111845,0.7082684575924917,0.04823349717999589,
1.1453780186922518,0.7766589354334511,0.6373387256337408,-0.4743961933560607,-0.6849932234559015,-0.9486803012033556,-0.903694007021043,0.4794087179429468,-0.9438613304835023,-1.1179762184545294,-0.4088547276350047,-0.711563006928403,
-1.8037332244333295,-1.0674398452123612,-1.3639452960311926,-0.5510239428881698,-0.7693625670180338,1.1037283666615232,0.5377731034439959,-2.656455747519574,2.393554436728667,0.8090964145816611,3.314889223123319,-1.4498355307504451,
1.027413568967229,0.8884224978968331,-0.7994805719718525,-0.8575349410166064,-0.052223146739908174,-0.753212809025748,-0.6843403162981023,-0.4718035032473732,-2.841607551055127,-1.1179762184545294,-0.6881355239418796,1.4085490512777525,
-0.09324870342049241,1.1119496228235985,-1.3639452960311926,-0.014629696163405755,-0.11550015441150754,-0.36227782467053304,-0.6843403162981023,0.6780134674222061,0.430368691309743,-1.1781972382369101,-0.7812291227108373,0.9091927086342723,5.0
-0.6830709520456087,0.8325407166651424,-1.3639452960311926,-0.24451294475973306,-0.28423884153577256,-0.36227782467053304,-0.7470127993617997,0.11355786363896865,1.0847639397827176,-0.9373131591073864,-1.0605099190177105,-1.415397162292274,
-1.0959465260831898,0.7766589354334511,-0.9534254967153089,-0.3211406942918423,-0.8748242464706995,0.3218583979510932,0.06772948046626584,-0.9317302915152049,1.1502034646300165,-0.9975341788897674,0.8944556551304088,-0.8385544906179088,
2.14807584135495,0.2178411231165378,1.201803449693081,0.06199805336870346,-0.09440781852097647,-0.9486803012033556,-0.4336503840433129,2.0473409506741493,-1.2710589547199882,0.7488753947992801,0.24280046374770126,-1.0150511289660356,
0.7325024446546707,1.9781172319148135,0.02155902665991516,-0.16788519522762418,-0.052223146739908174,1.4946633510167382,3.1073449090555867,0.5839375334583525,-0.48578465655241854,-0.7566500997602434,-0.9674163202487529,-0.384398506575778,
-0.8600176266331436,0.7766589354334511,-0.5942206723139106,-0.5510239428881698,0.6649162735382173,-0.2645440785817293,-0.809685282425497,-0.6704082527266906,0.6921267906989329,0.08644417719308987,0.8013620563614511,1.6410080383704073,5.0
0.024715746304531494,-1.2909669701391264,1.1504884747785955,0.981531047754013,0.07433086860329029,-0.4600115707593368,-0.6843403162981023,-0.8899187653090542,-0.28946608201052765,-0.09421888215405312,1.5461108465131148,0.2763876882153791,
0.2606446457545772,1.6148856539088199,-1.2613153462022217,-1.0107904400808247,-0.3475158492073716,1.9833320814607571,0.06772948046626584,-0.7749370682420963,-0.7475427559416085,-0.4555450008483391,-0.5950419251729202,-0.7460013753865741,5.0
-0.8010354017706317,-0.2292131267369922,-0.850795546886338,-0.16788519522762418,-0.26314650564523945,-0.36227782467053304,-0.49632286710701023,-0.4090862139381181,0.6921267906989329,-0.4555450008483391,-0.22266753009708917,-1.4369211425786308,
0.3786090954796011,-0.7321491578222136,0.27813390123234244,2.3608305393319777,0.01105386093169091,-0.5577453168481405,0.03639323893441716,1.263374834308548,0.430368691309743,0.6886543750168992,0.05661326620978575,-1.1549570008273553,
-0.5651065023205855,-1.1792034076757438,-0.18370087299802676,-0.16788519522762418,-0.4318851927695041,1.8855983353719534,0.7571267941669366,-0.41953909548967033,0.7575663155462318,-0.2146609217188151,-0.3157611288660469,0.7068672939425173,4.0
2.9738269894301133,-1.3468487513708178,2.4846778225552177,0.21525355243292155,-0.052223146739908174,0.7127933823063083,-0.08895172719297752,1.0020527955200336,-1.7945751534983678,0.14666519697547087,0.8944556551304088,-0.6599054542411464,
-0.15223092828300383,0.49725002927499445,0.329448876146828,0.13862580290081267,0.032146196822224034,0.028657159684681976,-0.27696917638406954,0.27035108691207727,-0.02770798262133778,-0.4555450008483391,0.24280046374770126,0.5540470339093833,5.0
-1.0959465260831898,-0.005686001810226881,-0.9021105218008234,1.0581587972861222,0.7703779529908829,-0.1668103324929255,-0.46498662557516157,0.06129345588126578,1.2156429894773126,0.08644417719308987,0.5220812600545762,1.3073863439318751,
1.8531647170423922,-1.5144940950658916,0.8939136002061681,0.8282755486897949,-0.3264235133168388,-0.9486803012033556,-0.8410215239573456,1.0020527955200336,-1.2710589547199882,0.9897594739288035,-1.0605099190177105,-1.1528046027987198,5.0
-1.0959465260831898,0.6090135917383771,-0.2863308228269978,-0.5510239428881698,-0.11550015441150754,-0.1668103324929255,-0.46498662557516157,0.10833142286322157,1.8045987131029884,0.026223157410708877,-0.5950419251729202,0.0697574774663528,6.0
1.44028914300481,-0.5645038141271399,0.6373387256337408,-0.24451294475973306,0.41180824285182,-0.753212809025748,-0.4336503840433129,1.0020527955200336,-2.776168026207828,-0.9373131591073864,-0.7812291227108373,-0.356417332203514,
-0.7420531769081202,0.05019577942146445,-0.9021105218008234,-0.3977684438239515,-0.11550015441150754,-0.5577453168481405,-0.9350302485528916,-0.9892211400487129,0.7575663155462318,-0.3953239810659581,0.9875492538993665,0.5949425964534614,
0.31962687061708966,-0.6762673765905225,1.9202130984958776,-0.24451294475973306,0.13760787627488966,-0.6554790629369442,-0.1202879687248262,1.0020527955200336,1.4774010888665023,0.026223157410708877,0.05661326620978575,-1.5918938006404006,
0.496573545204624,-0.8997945015172876,0.27813390123234244,-0.3211406942918423,-0.4740698645505704,-1.144147793380963,-0.9663664900847403,-0.48225638479892535,-0.09314750746863669,0.8693174343640422,0.7082684575924917,1.0469461824669566,5.0
-0.27019537800802723,-0.7880309390539049,0.7912836503771971,-0.3977684438239515,-0.010038474958842214,-0.6554790629369442,-0.7783490408936483,-0.7435784235874398,0.4958082161570419,0.026223157410708877,1.0806428526683243,0.7154768860570601,
0.024715746304531494,0.44136824804330316,0.17550395140337144,-0.3211406942918423,-0.052223146739908174,-0.4600115707593368,0.13040196352996317,0.27035108691207727,0.5612477410043379,-0.2748819415011961,-0.22266753009708917,-1.540236247953144,
1.2043602435547642,-1.4586123138342002,-0.1323858980835414,-0.3211406942918423,-0.30533117742630567,-0.06907658640412177,-0.40231414251146425,-0.5658794372112268,-0.6166637062470135,0.026223157410708877,2.197766037895822,-0.6082479015538899,4.0
-1.0369643012206784,-0.06156778304191821,-0.7994805719718525,-0.5510239428881698,-0.28423884153577256,-0.2645440785817293,-0.24563293485222087,-0.6181438449689296,0.16861059192055317,-0.8168711195426244,-1.0605099190177105,1.1029085312114844,5.0
-0.32917760287053865,1.3634176383662095,0.7912836503771971,-0.4743961933560607,0.11651554038435653,-0.753212809025748,1.2585066586765152,-0.4090862139381181,-0.5512241813997175,-0.3953239810659581,-0.8743227214797951,-1.2109193495718833,
1.9121469419049035,-0.6203855953588312,1.0991734998641098,0.06199805336870346,-0.19986949797364004,-0.753212809025748,-0.809685282425497,0.9602412693138249,-1.467377529261882,-0.7566500997602434,0.5220812600545762,1.1373468996696556,
3.5636492380552296,-1.2350851889074352,2.433362847640732,-0.5510239428881698,-0.24205416975470628,-0.9486803012033556,-0.9663664900847403,2.151869766189555,-2.972486600749722,0.8090964145816611,-1.8983523079383338,-0.5845715232388973,6.0
-0.32917760287053865,0.7487180448176054,-1.3639452960311926,-0.09125744569551497,0.07433086860329029,-0.753212809025748,-0.8410215239573456,0.37487990242748304,-0.28946608201052765,0.44777029588737516,-1.0605099190177105,-0.9978319447369499,
-0.8010354017706317,0.05019577942146445,0.17550395140337144,-0.24451294475973306,0.032146196822224034,-0.6554790629369442,1.8538952477816402,0.2964832907909287,-0.42034513170512255,3.1577161860945173,0.05661326620978575,1.1868520543282763,
-1.8037332244333295,0.6369544823542228,-1.3639452960311926,-0.28282681952578786,-0.13659249030204068,-0.06907658640412177,-0.5589953501707076,-1.172146567200673,3.0479496852016386,-0.2748819415011961,1.9184852415889475,1.042641386409685,
0.2606446457545772,1.7266492163722025,-1.3639452960311926,-0.8575349410166064,-0.45297752866003727,0.810527128395112,-0.40231414251146425,-0.6704082527266906,-0.28946608201052765,-0.6362080601954814,-0.6881355239418796,-0.38870330263304936,
0.024715746304531494,0.6648953729700684,-0.850795546886338,0.29188130196503076,0.05323853271275716,0.12639090577348572,-0.18296045178852352,0.7041456713010575,-0.1585870323159327,-0.6362080601954814,-0.8743227214797951,-0.1411775293399449,
-0.034266478557980984,-1.4027305326025088,1.7149531988379356,0.36850905149713997,0.3696235710707537,-0.5577453168481405,-0.7470127993617997,0.8348066906953148,0.4958082161570419,0.14666519697547087,0.1497068649787435,1.4279206335354737,5.0
0.6145379949296479,-1.4586123138342002,0.7399686754627115,-0.3977684438239515,0.09542320449382341,-0.9486803012033556,-0.9350302485528916,0.6884663489737584,-0.2240265571632316,0.2671072365402322,-0.6881355239418796,-0.7309345891861242,
-1.2728932006707252,-1.1792034076757438,-0.08107092316905587,-0.5510239428881698,-0.010038474958842214,-1.0464140472921593,-0.4336503840433129,-1.0676177516852672,0.2994896416151481,-1.298639277801672,-0.3157611288660469,1.161023277984648,5.0
-0.44714205259556206,0.10607756065315578,-0.1323858980835414,-0.3977684438239515,-0.17877716208310693,-0.5577453168481405,-0.5589953501707076,0.845259572246867,0.8884453652408267,0.7488753947992801,-0.8743227214797951,-0.5802667271816259,
-0.5651065023205855,0.27372290434822916,0.17550395140337144,-0.09125744569551497,-0.26314650564523945,-0.06907658640412177,0.2870831711892065,0.06129345588126578,0.9538848900881227,-0.3953239810659581,-0.22266753009708917,-1.3336060372041176,
-0.8600176266331436,0.6648953729700684,-1.2613153462022217,-0.3211406942918423,-0.17877716208310693,-0.753212809025748,-0.9663664900847403,-0.8899187653090542,0.23405011676785206,-0.2146609217188151,-0.036480332559172005,0.848925563832473,
-0.09324870342049241,0.7207771542017598,-0.2350158479125123,-0.24451294475973306,-0.3686081850979048,-0.6554790629369442,-0.715676557829951,0.06129345588126578,-0.09314750746863669,3.278158225659279,-0.12957393132812975,-1.6629229355853785,
-0.44714205259556206,1.0001860603602157,-1.3639452960311926,-0.704279441952388,0.11651554038435653,0.6150596362175045,-0.46498662557516157,-0.1738963790284552,0.430368691309743,-0.4555450008483391,-0.4088547276350047,0.4249031521912418,5.0
-0.6240887271830968,-0.4527402516637572,-0.5942206723139106,-0.3977684438239515,-0.17877716208310693,-0.5577453168481405,-0.5589953501707076,-0.3097838391984595,-0.1585870323159327,-0.8770921393250054,-0.5019483264039625,1.210528432643269,
0.7914846695171822,0.05019577942146445,0.7912836503771971,-0.09125744569551497,-0.11550015441150754,0.9082608744839158,0.19307444659366052,0.16582227139667152,-0.7475427559416085,0.3273282563226132,0.8944556551304088,-0.7416965793293027,
-0.977982076358167,2.3972305911524976,-1.3639452960311926,-0.5510239428881698,-0.09440781852097647,-1.0464140472921593,-0.9350302485528916,-1.6111675923654003,1.2156429894773126,-1.298639277801672,1.3599236489751994,1.2794051695596111,5.0
-0.034266478557980984,-0.5645038141271399,0.12418897648888591,-0.704279441952388,-0.11550015441150754,1.1037283666615232,-0.026279244129280177,-0.341142483853116,-0.42034513170512255,-0.6964290799778624,-0.12957393132812975,0.4055315699335206,
0.024715746304531494,1.2795949665186725,0.12418897648888591,1.28804204588245,-0.24205416975470628,-0.36227782467053304,-0.9350302485528916,-0.09549976739184285,0.8884453652408267,0.14666519697547087,0.9875492538993665,-0.16270150962630184,5.0
-0.7420531769081202,0.6648953729700684,-1.2613153462022217,-0.3211406942918423,-0.4318851927695041,-0.753212809025748,-0.6530040747662536,0.27035108691207727,1.0193244149354217,0.08644417719308987,-0.8743227214797951,-0.25525462485763656,
-0.09324870342049241,4.4648564967250755,-1.3639452960311926,-0.5510239428881698,-0.09440781852097647,-1.2418815394697669,-1.0603752146802863,-0.14776417514960374,1.4774010888665023,-1.0577551986721483,0.42898766128561844,-1.4821215011799804,
-0.15223092828300383,0.49725002927499445,0.4320788259757987,0.21525355243292155,-0.010038474958842214,1.2014621127503269,0.19307444659366052,0.16582227139667152,-0.02770798262133778,-0.2146609217188151,0.33589406251666065,0.5454374417948405,
0.496573545204624,1.2795949665186725,2.12547299815382,-0.627651692420279,6.908247697136017,0.22412465186228947,0.5691093449758445,-0.0850468858403487,-2.7107285013605322,4.0610314828302325,-1.2466971165556278,1.0835369489537632,
0.5555557700671354,-0.005686001810226881,-0.1323858980835414,0.06199805336870346,-0.17877716208310693,1.2014621127503269,2.9193274598644945,0.6257490596645032,-0.6821032310943124,-0.5157660206307201,-0.8743227214797951,-0.16054911159766613,
0.31962687061708966,0.3854864668116118,0.12418897648888591,-0.24451294475973306,0.2430695557275553,-1.0464140472921593,-0.9663664900847403,1.1065816110354394,0.2994896416151481,-0.9975341788897674,-1.2466971165556278,-0.4080748848907706,
-0.034266478557980984,0.16195934188484712,-0.18370087299802676,0.6750200496255765,-0.17877716208310693,-0.1668103324929255,1.8225590062497914,0.4794087179429468,-0.2240265571632316,-0.2146609217188151,-0.9674163202487529,-0.41883687503394906,
-1.2139109758082132,-0.5645038141271399,-0.2350158479125123,-0.5510239428881698,-0.17877716208310693,0.5173258901287008,0.31841941272105523,-0.18434926057994935,1.3465220391719075,-0.3351029612835771,-0.8743227214797951,0.8166395934029376,6.0
2.50196919053002,-1.4027305326025088,1.407063349351023,-0.16788519522762418,-0.09440781852097647,-0.36227782467053304,-0.5276591086388589,1.5769612808548232,-1.336498479567287,4.241694542177375,-0.5950419251729202,-1.025813119109214,
1.558253592729834,-0.005686001810226881,1.1504884747785955,1.5945530440108862,0.6649162735382173,-0.5577453168481405,-0.903694007021043,1.8382833196433377,-1.5982565789564769,-0.5759870404131004,1.1737364514372821,-0.5587427468952689,
-0.27019537800802723,-0.005686001810226881,-1.1586853963732506,-0.627651692420279,-0.22096183386417317,0.12639090577348572,-0.46498662557516157,-0.14776417514960374,0.10317106707325714,-0.5759870404131004,-0.4088547276350047,-1.4067875701777313,
-0.7420531769081202,0.16195934188484712,-0.49159072248493957,-0.627651692420279,-0.45297752866003727,-0.06907658640412177,-0.6843403162981023,-0.8062957128966948,0.8230058403935278,0.14666519697547087,0.10316006559426545,1.5915028837117864,5.0
-1.8627154492958415,-0.3409766892003749,-1.2613153462022217,-0.9341626905487155,-1.1068399412665635,0.22412465186228947,-0.05761548566112885,-2.3951337087310596,3.833223983369208,-0.2146609217188151,2.197766037895822,-0.2595594209149079,6.0
0.5555557700671354,0.5531318105066858,-0.2863308228269978,0.13862580290081267,0.22197721983702012,1.2991958588391308,0.6004455865076932,1.1065816110354394,-0.2240265571632316,-0.4555450008483391,-0.7812291227108373,-0.7718301517302024,
-0.8010354017706317,-0.5086220328954485,-1.3639452960311926,-0.8575349410166064,-0.3475158492073716,1.5923970971055421,-0.24563293485222087,-1.2035052118552716,0.03773154222595823,-0.4555450008483391,0.8944556551304088,0.4937798891075839,
-1.5678043249832834,0.4693091386591488,-1.3639452960311926,-0.704279441952388,0.05323853271275716,0.028657159684681976,0.4124281373166012,-1.2453167380614802,1.7391591882556923,-0.8168711195426244,-0.5019483264039625,-1.7296472744730849,
0.5555557700671354,-0.5645038141271399,1.1504884747785955,-0.09125744569551497,-0.010038474958842214,0.7127933823063083,2.1985939046319753,0.4794087179429468,-0.5512241813997175,-0.09421888215405312,-0.8743227214797951,-0.627619483811611,
0.6145379949296479,-0.7880309390539049,0.6886537005482263,0.06199805336870346,-0.28423884153577256,-0.5577453168481405,-0.6216678332344049,0.8975239800045698,0.16861059192055317,0.5682123354521371,-0.22266753009708917,-0.7029534148138603,
1.2633424684172756,-1.1233216264440524,1.868898123581392,0.21525355243292155,-0.052223146739908174,-1.0464140472921593,-0.7470127993617997,1.6292256886125263,-0.35490560685782657,0.5079913156697562,0.7082684575924917,-0.7804397438447451,5.0
-0.21121315314551528,1.3075358571345181,-1.3639452960311926,-0.3977684438239515,-0.052223146739908174,-0.6554790629369442,-0.7470127993617997,-0.25751943144075656,0.10317106707325714,0.14666519697547087,0.42898766128561844,1.0038982218942427,
1.3223246932797872,-1.6262576575292742,1.0478585249496244,-0.3211406942918423,-0.4318851927695041,-0.9486803012033556,-0.6843403162981023,0.5839375334583525,-1.0747403801780973,1.4715276321878514,0.5220812600545762,-0.8450116847038158,5.0
0.2606446457545772,-0.06156778304191821,-0.9021105218008234,-0.014629696163405755,0.09542320449382341,0.419592144039897,0.0990657219981145,0.4794087179429468,0.16861059192055317,1.2306435530583275,0.1497068649787435,-1.1312806225123628,
1.6762180424548567,-0.7880309390539049,1.407063349351023,0.13862580290081267,0.1797925480559559,0.5173258901287008,1.7285502816542453,1.7860189118856349,-1.205619429872692,-0.8770921393250054,-0.8743227214797951,-0.15409191751175907,
2.384004740804997,-0.7880309390539049,1.868898123581392,-0.16788519522762418,0.09542320449382341,-0.9486803012033556,-0.8723577654891943,1.9428121351587435,-1.0093008553307983,-0.9975341788897674,-0.8743227214797951,-0.8191829083601876,
0.14268019602955434,-1.7939030012243482,1.3044333995220518,-0.4743961933560607,0.07433086860329029,-0.6554790629369442,-0.715676557829951,-0.10595264894339504,0.2994896416151481,0.08644417719308987,-0.036480332559172005,0.3000640665303717,6.0
-0.034266478557980984,0.6090135917383771,0.02155902665991516,-0.3977684438239515,0.1797925480559559,-1.0464140472921593,0.9764804848898773,0.41146498785788665,-1.205619429872692,-0.2146609217188151,-1.2466971165556278,0.5153038693939408,
0.496573545204624,0.7207771542017598,-0.5942206723139106,0.5217645505613584,0.22197721983702012,-0.6554790629369442,0.4124281373166012,1.6083199255094218,-0.2240265571632316,-0.6964290799778624,-0.7812291227108373,0.007337934635917762,
0.024715746304531494,0.9722451697443701,-0.7481655970573671,0.06199805336870346,0.11651554038435653,-0.36227782467053304,-0.5589953501707076,1.4201680575816567,1.2810825143246085,0.3875492761049942,-0.4088547276350047,-1.1054518461687344,
1.7941824921798806,0.49725002927499445,2.074158023239334,2.0543195412035415,-0.010038474958842214,-0.9486803012033556,-0.8410215239573456,1.1065816110354394,-0.6166637062470135,0.20688621675785118,2.7563276305095705,-0.7761349477874737,
-0.27019537800802723,0.27372290434822916,-0.6968506221428815,-0.3211406942918423,0.3274388992896875,0.12639090577348572,-0.3083054179159182,-1.1930523303037774,-0.48578465655241854,-0.7566500997602434,0.7082684575924917,0.9866790376651572,
1.3813069181422986,2.7604621691584907,0.8425986252916826,0.21525355243292155,-0.13659249030204068,0.5173258901287008,1.195834175612818,0.9497883877623308,-1.663696103803773,-0.5157660206307201,-0.3157611288660469,-0.22727345048537256,
-0.7420531769081202,0.16195934188484712,-0.6968506221428815,-0.704279441952388,-0.19986949797364004,0.9082608744839158,-0.1202879687248262,-0.2052550236830537,0.16861059192055317,-0.3953239810659581,-1.15360351778667,1.6194840580840504,
-0.32917760287053865,0.8884224978968331,-0.2350158479125123,-0.4743961933560607,-0.052223146739908174,0.22412465186228947,1.5091965909313048,-0.3045573984227124,-0.02770798262133778,-1.0577551986721483,-0.8743227214797951,-1.6005033927549435,
-0.6830709520456087,-0.5645038141271399,0.7912836503771971,2.2842027897998687,-0.3475158492073716,1.2991958588391308,2.605965044546008,0.3226154946697802,0.6921267906989329,0.3875492761049942,0.05661326620978575,-1.4197019583495454,
0.2016624208920658,-0.2292131267369922,0.07287400157440067,-0.4743961933560607,0.4961775864139525,0.419592144039897,2.8253187352689486,0.27035108691207727,-2.5144099268186384,7.79473470933785,-0.5019483264039625,-1.5703698203540437,
-0.6830709520456087,1.0560678415919071,-1.3639452960311926,-0.5510239428881698,0.7703779529908829,-0.9486803012033556,-0.997702731616589,-0.2157079052346059,0.8884453652408267,-0.4555450008483391,-0.5950419251729202,0.9393262810351719,
-0.6830709520456087,-0.3968584704320659,-0.3376457977414832,-0.4743961933560607,-0.19986949797364004,1.2014621127503269,0.25574692965735785,-0.5658794372112268,0.364929166462447,-0.09421888215405312,-0.036480332559172005,0.9995934258369713,
0.496573545204624,0.3854864668116118,-1.3639452960311926,-0.4743961933560607,-0.6006238798937712,-1.0464140472921593,-1.1230476977439836,0.5316731257006497,-0.8784218056362033,-0.15443990193643412,-0.036480332559172005,0.6767337215416177,
-0.8010354017706317,1.1678314040552897,-1.2100003712877363,-0.16788519522762418,-0.6849932234559015,-0.8509465551145518,-0.9350302485528916,-0.8376543575513513,0.8884453652408267,-0.15443990193643412,0.9875492538993665,1.4709685941081876,
1.1453780186922518,0.05019577942146445,0.5347087758047697,9.870349993478674,2.6897805190293953,3.8402732571480285,1.5405328324631533,3.6623111503873655,-0.8784218056362033,0.6886543750168992,-1.3397907153245856,1.3310627222468676,5.0
2.796880314842578,-0.3409766892003749,1.1504884747785955,1.3646697954145588,-0.031130810849375048,-0.9486803012033556,0.03639323893441716,2.831307067039808,-0.09314750746863669,0.14666519697547087,2.1046724391268627,-0.5415235626661834,
-0.27019537800802723,0.3854864668116118,-0.029755948254570355,-0.3977684438239515,-0.13659249030204068,1.4946633510167382,2.668637527609705,-0.24184010911345732,-0.6821032310943124,-0.8168711195426244,-0.5019483264039625,1.600112475826329,
-0.977982076358167,1.1398905134394441,-1.2613153462022217,4.1232687785704885,0.7492856171003497,5.110811956302477,2.4492838368867647,1.4201680575816567,1.0193244149354217,-0.7566500997602434,-0.5019483264039625,-0.9031264314769796,
-0.21121315314551528,-1.2909669701391264,2.12547299815382,4.429779776698925,-0.7693625670180338,2.129932700593963,7.619763689641795,-1.8411309864993162,-1.9908937280402617,-0.8770921393250054,1.7322980440510318,0.5712662181384688,
-0.8010354017706317,-0.9556762827489789,-0.08107092316905587,-0.09125744569551497,0.2430695557275553,-1.0464140472921593,-0.9350302485528916,-0.14776417514960374,0.6266872658516368,-0.3351029612835771,-0.3157611288660469,-1.1248234284264558,
4.507364835855416,-0.9556762827489789,1.971528073410363,3.8167577804420514,0.20088488394648904,0.6150596362175045,0.7884630356987853,0.4794087179429468,-2.1872123025821524,1.1102015134935654,4.152731612043942,-0.3521125361462426,
-0.15223092828300383,3.626629778249706,-0.2863308228269978,-0.4743961933560607,-0.0733154826304413,-0.1668103324929255,-0.15162421025667486,-0.7122197789328413,0.16861059192055317,-1.1179762184545294,0.05661326620978575,1.0684701627533133,
-0.5651065023205855,3.0119301847011024,-0.9021105218008234,-0.627651692420279,1.9304564269702036,-0.5577453168481405,1.3525153832720613,-0.2522929906650095,-0.09314750746863669,-0.5157660206307201,-1.3397907153245856,-1.4971882873804303,5.0
-0.27019537800802723,-1.0674398452123612,0.5347087758047697,-0.3977684438239515,-0.09440781852097647,0.810527128395112,0.38109189578475255,-0.14776417514960374,0.16861059192055317,-0.3953239810659581,-0.9674163202487529,-1.2819484845168612,
-0.15223092828300383,0.6090135917383771,-0.2350158479125123,-0.09125744569551497,0.1587002121654228,-1.0464140472921593,-0.40231414251146425,-0.2941045168711602,0.364929166462447,-0.4555450008483391,0.5220812600545762,1.238509607015533,5.0
-0.918999851495655,-0.3968584704320659,-0.1323858980835414,-0.627651692420279,-0.19986949797364004,0.22412465186228947,-0.3709779009796156,-0.9839946992729078,0.4958082161570419,-0.3351029612835771,0.1497068649787435,1.0942989390969418,5.0
0.3786090954796011,-0.7321491578222136,1.2531184246075664,0.06199805336870346,-0.7271778952369677,-0.2645440785817293,-0.5903315917025562,-0.879465883757502,0.03773154222595823,1.4715276321878514,2.7563276305095705,-0.6964962207279531,5.0
0.7325024446546707,1.3913585289820551,-0.2350158479125123,-0.4743961933560607,-0.19986949797364004,-0.9486803012033556,-0.4336503840433129,1.1065816110354394,-0.35490560685782657,-0.5759870404131004,0.1497068649787435,-0.8364020925892731,6.0
2.4429869656675085,-0.7321491578222136,1.2531184246075664,-0.3977684438239515,-0.579531544003236,-0.9486803012033556,-0.6843403162981023,1.4201680575816567,-1.7945751534983678,-0.3351029612835771,-1.0605099190177105,-0.47264682574984135,
0.6735202197921593,0.8604816072809881,-0.029755948254570355,-0.09125744569551497,-0.09440781852097647,0.7127933823063083,3.044672425991889,0.5839375334583525,-0.2240265571632316,-0.6362080601954814,-0.9674163202487529,-0.09597717073859541,
2.7378980899800665,-1.0115580639806703,1.1504884747785955,2.514086038396196,-0.4318851927695041,-1.0464140472921593,-0.33964165944776686,2.465456212735888,-0.7475427559416085,0.026223157410708877,1.453017247744157,-0.5974859114107114,
-1.2139109758082132,0.5531318105066858,0.22681892631785694,-0.627651692420279,0.032146196822224034,-0.06907658640412177,0.5691093449758445,0.11355786363896865,0.9538848900881227,0.8090964145816611,-1.0605099190177105,-1.5251694617526943,
1.027413568967229,-0.8439127202855962,0.5860237507192553,-0.704279441952388,1.7406254039554037,1.1037283666615232,1.38385162480391,1.2842805974116525,-1.0747403801780973,-0.03399786237167212,-1.805258709169376,1.3353675183041391,
-0.38815982773305063,0.10607756065315578,-0.2863308228269978,-0.24451294475973306,-0.3264235133168388,-0.8509465551145518,-0.5589953501707076,-0.14776417514960374,-0.2240265571632316,-0.6362080601954814,-0.6881355239418796,-1.3400632312900247,
0.2606446457545772,1.3913585289820551,1.2531184246075664,-0.627651692420279,6.929340033026549,-0.36227782467053304,0.6317818280395419,-0.23661366833771025,-2.0563332528875575,3.0974951663121364,-1.15360351778667,1.1933092484141834,
-0.6830709520456087,0.8604816072809881,0.4320788259757987,-0.3977684438239515,0.032146196822224034,-0.6554790629369442,1.4465241078676074,-0.20002858290730663,-0.2240265571632316,-0.2146609217188151,-0.9674163202487529,0.05899548732317435,
1.2633424684172756,-1.6262576575292742,0.9965435500351392,-0.5510239428881698,-0.24205416975470628,-0.9486803012033556,-0.7783490408936483,0.4794087179429468,-0.42034513170512255,2.1941798695764225,0.33589406251666065,-0.6663626483270535,
-0.27019537800802723,-0.3968584704320659,-0.029755948254570355,-0.4743961933560607,0.032146196822224034,0.7127933823063083,0.22441068812550918,0.7407307567314612,0.7575663155462318,0.5079913156697562,-1.15360351778667,-0.9203456157060651,
1.9121469419049035,-1.2909669701391264,1.7149531988379356,-0.3977684438239515,-0.410792856878971,-0.36227782467053304,-0.5903315917025562,0.7407307567314612,-1.336498479567287,1.8930747706645177,-0.3157611288660469,-1.331453639175482,
0.8504668943796936,0.10607756065315578,-0.49159072248493957,0.29188130196503076,0.01105386093169091,0.419592144039897,0.22441068812550918,1.9428121351587435,-1.1401799050253931,-0.2748819415011961,-0.9674163202487529,-0.34565534206033555,
-0.6830709520456087,-1.4586123138342002,1.7149531988379356,-0.3211406942918423,-0.26314650564523945,0.12639090577348572,-0.6530040747662536,0.7616365198345656,0.430368691309743,0.3875492761049942,0.1497068649787435,1.4903401763659088,
0.6735202197921593,-0.17333134550530088,0.3807638510613135,0.8282755486897949,-0.09440781852097647,-1.0464140472921593,-0.997702731616589,1.0543172032777364,-0.1585870323159327,-0.8168711195426244,0.24280046374770126,-0.03571002593679606,
-0.38815982773305063,0.10607756065315578,-0.2863308228269978,-0.24451294475973306,-0.3264235133168388,-0.8509465551145518,-0.5589953501707076,-0.14776417514960374,-0.2240265571632316,-0.6362080601954814,-0.6881355239418796,-1.3379108332613892,6.0
1.027413568967229,-1.1792034076757438,1.66363822392345,-0.24451294475973306,-0.19986949797364004,-1.2418815394697669,-0.9663664900847403,1.4201680575816567,-0.7475427559416085,0.7488753947992801,-0.7812291227108373,1.288014761674154,
0.3786090954796011,-0.28509490796868353,1.3557483744365375,1.1347865468182314,0.30634656339915234,-1.2418815394697669,-1.1230476977439836,-0.4299919770412225,-0.6821032310943124,-0.3953239810659581,1.5461108465131148,0.5239134615084836,5.0
-1.3318754255332366,0.6090135917383771,-1.1073704214587654,-0.4743961933560607,-0.4318851927695041,-0.6554790629369442,-0.903694007021043,-0.9003716468606064,1.3465220391719075,0.7488753947992801,0.1497068649787435,1.4451398177645594,
2.619933640255043,0.3854864668116118,1.1504884747785955,0.21525355243292155,-0.24205416975470628,-1.0464140472921593,-0.8410215239573456,1.4201680575816567,-1.1401799050253931,-0.5157660206307201,0.8944556551304088,-0.5393711646375478,
0.496573545204624,1.3634176383662095,-0.2350158479125123,-0.24451294475973306,-0.1576848261925738,-0.36227782467053304,0.06772948046626584,0.4794087179429468,-0.8784218056362033,-0.8770921393250054,-0.7812291227108373,1.113670521354663,
-0.6830709520456087,0.3854864668116118,-1.3126303211167072,-0.16788519522762418,-0.1576848261925738,0.810527128395112,-0.27696917638406954,-0.8062957128966948,0.5612477410043379,-0.2748819415011961,0.42898766128561844,0.9350214849779006,
-0.8010354017706317,0.16195934188484712,-1.2100003712877363,-0.7809071914844973,-0.010038474958842214,1.9833320814607571,0.005056997402568493,-0.7644841866905441,1.4119615640192036,-0.5157660206307201,0.1497068649787435,0.11926263212497369,
-0.977982076358167,1.7266492163722025,-1.2100003712877363,-0.16788519522762418,-0.579531544003236,1.5923970971055421,0.06772948046626584,-0.7749370682420963,1.3465220391719075,-0.5759870404131004,1.7322980440510318,-0.8493164807610872,
-1.3318754255332366,-0.17333134550530088,-1.3639452960311926,-0.8575349410166064,-0.6217162157843021,-0.06907658640412177,-0.6216678332344049,-1.1512408040975686,0.2994896416151481,-1.238418258019291,-0.8743227214797951,1.12012771544057,
2.5609514153925312,-0.7880309390539049,1.1504884747785955,-0.014629696163405755,-0.13659249030204068,-0.753212809025748,-0.809685282425497,1.3156392420662508,-1.5982565789564769,0.9897594739288035,-0.12957393132812975,0.8790591362333726,
-0.8010354017706317,-0.7880309390539049,-0.1323858980835414,-0.3211406942918423,0.3274388992896875,-1.144147793380963,-1.2170564223395297,-1.0780706332368195,0.8230058403935278,-0.4555450008483391,0.8944556551304088,-0.005576453535896384,
-0.5651065023205855,0.7207771542017598,-1.3639452960311926,-0.3977684438239515,-0.052223146739908174,-0.9486803012033556,-0.715676557829951,0.845259572246867,1.9354777627975832,1.8328537508821368,-0.5019483264039625,-1.2195289416864261,6.0
0.3786090954796011,-0.28509490796868353,-0.1323858980835414,0.25356742719897635,0.1587002121654228,1.8855983353719534,1.8852314893134887,0.7929951644891641,-1.401938004414583,-0.7566500997602434,-1.15360351778667,-0.20359707217037995,
-0.21121315314551528,-1.2350851889074352,0.27813390123234244,-0.4743961933560607,-0.4318851927695041,-0.1668103324929255,-0.3083054179159182,-1.590261829262354,0.6266872658516368,-0.5759870404131004,2.011578840357905,0.4528843265635058,
-1.0369643012206784,-0.3968584704320659,-0.645535647228396,-0.09125744569551497,0.580546929976085,-0.6554790629369442,-0.27696917638406954,0.33306837622133234,2.262675387034072,-0.03399786237167212,-0.5950419251729202,-0.0744531904522385,
-0.5061242774580734,-0.005686001810226881,-0.7481655970573671,-0.4743961933560607,1.6562560603932734,-1.144147793380963,-1.0603752146802863,0.1762751529482237,-0.35490560685782657,1.2306435530583275,-1.15360351778667,-0.01633844367907484,
-0.38815982773305063,-0.28509490796868353,0.22681892631785694,0.21525355243292155,-0.3475158492073716,-1.144147793380963,-0.9663664900847403,0.1292371859662679,-0.6166637062470135,-0.6362080601954814,-0.12957393132812975,-0.014186045650439148,
0.08369797116704292,0.49725002927499445,-0.9021105218008234,-0.24451294475973306,-0.052223146739908174,-0.4600115707593368,1.947903972377186,-0.14776417514960374,-1.0747403801780973,0.026223157410708877,-0.5950419251729202,-1.5165598696381515,6.0
0.31962687061708966,0.32960468557992045,-0.44027574757045423,0.29188130196503076,0.05323853271275716,-0.36227782467053304,0.8824717602943313,0.3644270208759889,-1.1401799050253931,-0.6964290799778624,-0.9674163202487529,-0.10673916088177386,
0.6145379949296479,-1.1233216264440524,0.9452285751206536,-0.7809071914844973,-0.6217162157843021,0.3218583979510932,-0.27696917638406954,-0.8899187653090542,-0.8784218056362033,1.4113066124054705,0.615174858823534,0.5475898398234762,
-0.6240887271830968,-1.0674398452123612,0.27813390123234244,-0.014629696163405755,0.07433086860329029,2.6674683040823832,2.104585180036429,-0.04323535963413998,0.03773154222595823,0.8090964145816611,0.615174858823534,-0.6857342305847748,
1.2633424684172756,0.10607756065315578,-0.18370087299802676,0.13862580290081267,0.09542320449382341,0.22412465186228947,0.06772948046626584,1.4201680575816567,-0.6166637062470135,-0.09421888215405312,-0.12957393132812975,-1.1269758264550913,5.0
-0.6830709520456087,0.8884224978968331,-0.9534254967153089,-0.3211406942918423,-0.4951622004411035,2.5697345579935797,0.19307444659366052,-0.31501027997426456,0.6921267906989329,-0.3351029612835771,-0.22266753009708917,1.5355405349672584,
1.971129166767415,-1.6821394387609656,1.561008274094479,-0.5510239428881698,-0.26314650564523945,-1.2418815394697669,-1.185720180807681,0.7407307567314612,-1.1401799050253931,0.2671072365402322,-0.5019483264039625,0.5260658595371193,
1.1453780186922518,-0.6203855953588312,1.561008274094479,0.6750200496255765,-0.3475158492073716,-1.144147793380963,-1.1230476977439836,0.2180866791543744,-1.7945751534983678,-0.15443990193643412,-0.7812291227108373,-1.6349417612131145,
-0.44714205259556206,-0.2292131267369922,-0.3376457977414832,0.06199805336870346,5.178676154112303,-0.753212809025748,-0.997702731616589,0.06129345588126578,-0.6821032310943124,1.4715276321878514,0.05661326620978575,-1.665075333614014,
-0.7420531769081202,0.10607756065315578,-0.6968506221428815,-0.24451294475973306,-0.24205416975470628,-0.06907658640412177,-0.33964165944776686,-0.4090862139381181,0.2994896416151481,-0.3953239810659581,-0.6881355239418796,1.5484549231390725,
-0.034266478557980984,-0.17333134550530088,0.4320788259757987,0.29188130196503076,-0.19986949797364004,0.5173258901287008,2.5432925614823105,0.4794087179429468,-0.5512241813997175,-0.2146609217188151,-0.9674163202487529,-1.3465204253759318,
0.024715746304531494,0.5251909198908401,-0.3376457977414832,-0.7809071914844973,-0.13659249030204068,1.1037283666615232,2.2926026292275212,0.27035108691207727,-1.0093008553307983,2.7963900674002327,-1.2466971165556278,-1.5854366065544936,
0.43759132034211257,-0.7880309390539049,0.6886537005482263,-0.9341626905487155,-0.8959165823612326,0.9082608744839158,0.13040196352996317,-0.9944475808244599,-0.7475427559416085,1.0499804937111845,0.42898766128561844,0.8682971460901941,
-0.6830709520456087,1.2516540759028267,-0.5942206723139106,-0.5510239428881698,0.4329005787423531,0.419592144039897,1.195834175612818,-0.3934068916108189,-0.8129822807889073,-0.9373131591073864,-0.8743227214797951,1.2234428208150832,
1.9121469419049035,-1.9615483449194218,1.2531184246075664,1.1347865468182314,0.3696235710707537,-1.144147793380963,-0.715676557829951,1.5246968730971204,-0.2240265571632316,1.8930747706645177,-0.3157611288660469,-1.1764809811137122,
1.971129166767415,-0.3409766892003749,0.8939136002061681,-0.704279441952388,1.2765940143636771,1.9833320814607571,0.16173820506181186,0.8766182169015235,0.430368691309743,1.2306435530583275,-0.5019483264039625,0.03747150703681743,
-0.44714205259556206,0.2178411231165378,-1.2613153462022217,0.06199805336870346,-0.19986949797364004,-0.4600115707593368,-0.33964165944776686,-0.581558759538584,0.2994896416151481,-0.2146609217188151,0.33589406251666065,1.2126808306719048,
0.6735202197921593,-0.5645038141271399,-0.1323858980835414,0.21525355243292155,0.11651554038435653,-0.1668103324929255,-0.026279244129280177,0.6884663489737584,-0.8129822807889073,0.44777029588737516,-0.4088547276350047,-0.5695047370384474,
0.024715746304531494,-1.4027305326025088,1.0991734998641098,-0.3211406942918423,0.13760787627488966,-0.9486803012033556,-1.0603752146802863,-1.3602984351284382,-0.35490560685782657,-0.2146609217188151,1.8253916428199897,0.2828448823012862,6.0
1.735200267317368,-1.4027305326025088,1.509693299179994,-0.4743961933560607,-0.24205416975470628,0.12639090577348572,0.4437643788484499,0.6884663489737584,-1.0093008553307983,-0.4555450008483391,-0.5950419251729202,-1.749018856730806,
-0.977982076358167,0.44136824804330316,-1.3126303211167072,-0.4743961933560607,-0.13659249030204068,-0.753212809025748,-0.6530040747662536,0.4062385470821396,2.458993961575963,0.44777029588737516,0.05661326620978575,0.25486370792902224,
-0.5651065023205855,-0.11744956427360954,-0.44027574757045423,-0.3211406942918423,-0.3475158492073716,-0.36227782467053304,-0.5589953501707076,0.5212202441490975,1.3465220391719075,0.44777029588737516,-0.8743227214797951,-0.1433299273685806,
-0.5651065023205855,1.1398905134394441,-1.3639452960311926,-0.24451294475973306,-0.13659249030204068,0.22412465186228947,-0.5589953501707076,0.5055409218217982,0.6266872658516368,-0.3351029612835771,-0.9674163202487529,1.5871980876545149,
-0.38815982773305063,-1.2350851889074352,0.3807638510613135,-0.014629696163405755,-0.09440781852097647,1.0059946205727195,-0.33964165944776686,-1.6320733554685047,-0.6166637062470135,-0.3953239810659581,1.9184852415889475,0.4744083068498627,
0.496573545204624,-1.2909669701391264,0.7399686754627115,-0.3977684438239515,-0.3897005209884379,-0.5577453168481405,-0.6843403162981023,-0.759257745914797,-0.28946608201052765,1.1704225332759464,1.1737364514372821,0.6272285668829968,7.0
-1.0369643012206784,-1.0674398452123612,0.02155902665991516,0.21525355243292155,-0.410792856878971,-0.753212809025748,-0.05761548566112885,-1.4857330137469482,-0.6821032310943124,-0.5759870404131004,1.453017247744157,0.7585248466297739,6.0
-1.2139109758082132,0.9443042791285244,-0.5942206723139106,1.9776917916714318,-0.22096183386417317,-0.2645440785817293,-0.5903315917025562,-0.24184010911345732,1.4774010888665023,-0.3351029612835771,1.3599236489751994,1.6388556403417716,
-0.034266478557980984,0.5810727011225315,-0.850795546886338,-0.3211406942918423,-0.28423884153577256,0.9082608744839158,0.4437643788484499,-0.1582170567010979,-0.1585870323159327,0.5682123354521371,0.42898766128561844,1.023269804151964,
0.31962687061708966,-0.3409766892003749,1.1504884747785955,0.29188130196503076,-0.031130810849375048,0.12639090577348572,2.010576455440883,0.7929951644891641,-0.1585870323159327,-0.3351029612835771,-0.5950419251729202,-0.5113899902652838,
-0.8010354017706317,0.10607756065315578,-0.5942206723139106,-0.24451294475973306,-0.22096183386417317,0.3218583979510932,-0.18296045178852352,-0.3045573984227124,0.6266872658516368,-0.3953239810659581,-0.3157611288660469,-1.5725222183826795,
1.971129166767415,-0.6762673765905225,1.407063349351023,-0.7809071914844973,0.1797925480559559,0.6150596362175045,-0.15162421025667486,0.3487476985486316,-1.9254542031929627,0.6284333552345182,-0.5019483264039625,0.5884854023675543,
2.6789158651175553,0.4693091386591488,2.0228430483248485,2.514086038396196,-0.0733154826304413,-0.8509465551145518,-0.1202879687248262,2.8835714747975114,-1.5982565789564769,0.44777029588737516,-0.4088547276350047,-0.9676983723360503,
-0.21121315314551528,-0.06156778304191821,-0.029755948254570355,-0.4743961933560607,-0.1576848261925738,2.5697345579935797,2.9506637013963433,-0.14776417514960374,-0.5512241813997175,-0.6964290799778624,-0.8743227214797951,-1.561760228239501,
-0.38815982773305063,0.05019577942146445,-0.6968506221428815,-0.014629696163405755,0.22197721983702012,0.810527128395112,0.6317818280395419,0.610069737337204,0.4958082161570419,-0.2748819415011961,-0.9674163202487529,-0.13687273328267352,
-1.1549287509457018,0.10607756065315578,-0.5942206723139106,-0.5510239428881698,-0.19986949797364004,1.0059946205727195,-0.33964165944776686,-1.8515838680508685,0.03773154222595823,0.9897594739288035,1.0806428526683243,1.6668368147140356,7.0
1.9121469419049035,-1.2350851889074352,1.2531184246075664,-0.24451294475973306,-0.1576848261925738,-0.1668103324929255,-0.5589953501707076,0.7929951644891641,-1.8600146783456668,1.6521906915349944,-0.5950419251729202,-0.4274464671484918,6.0
-1.44983987525826,0.8325407166651424,-1.2613153462022217,-0.5510239428881698,0.01105386093169091,0.5173258901287008,1.5091965909313048,-1.1930523303037774,1.4774010888665023,-0.8168711195426244,-0.4088547276350047,-1.4412259386359023,6.0
2.2070580662174617,-0.8439127202855962,1.509693299179994,-0.3211406942918423,0.13760787627488966,-0.9486803012033556,-0.6843403162981023,1.3417714459451022,-1.1401799050253931,0.3273282563226132,0.42898766128561844,-1.2367481259155115,
-0.5061242774580734,-0.8997945015172876,0.8425986252916826,0.06199805336870346,-0.09440781852097647,0.22412465186228947,1.1331616925491206,0.20763379760282222,0.10317106707325714,0.14666519697547087,-0.6881355239418796,-0.055081608194517274,
-0.7420531769081202,0.8884224978968331,-1.0047404716297943,-0.014629696163405755,0.09542320449382341,-0.06907658640412177,-0.7783490408936483,-0.5031621479019717,0.430368691309743,-0.3351029612835771,0.8013620563614511,0.646600149140718,
0.7325024446546707,-0.8997945015172876,1.3044333995220518,-0.3977684438239515,-0.09440781852097647,-0.9486803012033556,-0.6216678332344049,0.6884663489737584,-0.8784218056362033,-0.8770921393250054,-0.8743227214797951,-0.9117360235915223,
-0.6830709520456087,0.32960468557992045,-1.2613153462022217,-0.16788519522762418,-0.09440781852097647,0.810527128395112,1.5091965909313048,0.3957856655305874,1.5428406137137984,-0.7566500997602434,-0.6881355239418796,-0.0981295687672311,
2.2070580662174617,-0.8997945015172876,2.5359927974697034,1.28804204588245,-0.4318851927695041,-0.8509465551145518,-0.24563293485222087,1.9428121351587435,-0.6166637062470135,-0.3351029612835771,2.383953235433738,-0.9052788295056152,
-0.38815982773305063,0.49725002927499445,0.27813390123234244,-0.24451294475973306,-0.09440781852097647,-0.8509465551145518,0.25574692965735785,-0.04323535963413998,0.2994896416151481,-0.8168711195426244,-0.9674163202487529,-1.0968422540541918,
1.3813069181422986,-0.28509490796868353,1.9202130984958776,-0.24451294475973306,0.5172699223044857,-0.9486803012033556,-0.809685282425497,0.16582227139667152,-0.35490560685782657,0.026223157410708877,1.1737364514372821,-0.8600784709042657,5.0
1.44028914300481,-0.7321491578222136,1.0991734998641098,-0.3211406942918423,0.8125626247719491,-0.06907658640412177,0.0990657219981145,0.6884663489737584,-1.8600146783456668,0.9295384541464231,-0.6881355239418796,-0.6534482601552394,
-1.0959465260831898,1.8663536694514309,-1.2100003712877363,0.5217645505613584,-0.3264235133168388,1.1037283666615232,0.38109189578475255,-0.879465883757502,1.9354777627975832,-0.9975341788897674,2.1046724391268627,-0.18637788794129442,5.0
-1.2139109758082132,0.27372290434822916,-1.3639452960311926,-0.704279441952388,-0.45297752866003727,-0.753212809025748,-0.8723577654891943,-0.04323535963413998,1.6082801385610974,1.1102015134935654,-0.9674163202487529,1.2901671597027895,
0.2016624208920658,1.5031220914454377,-0.7994805719718525,-0.16788519522762418,-0.052223146739908174,-0.36227782467053304,-0.46498662557516157,0.6362019412160554,0.5612477410043379,-1.0577551986721483,-0.5019483264039625,-0.2983025854303504,
-0.32917760287053865,0.3854864668116118,-1.3639452960311926,0.06199805336870346,-0.6639008875653684,-0.8509465551145518,-1.0290389731484377,-0.15299061592535082,0.430368691309743,-0.5759870404131004,0.33589406251666065,-0.0486244141086102,
-1.921697674158353,2.7325212785426456,-1.1586853963732506,-0.8575349410166064,-0.8748242464706995,2.472000811904776,1.2271704171446667,-1.5066387768499947,2.851631110659748,-1.0577551986721483,0.05661326620978575,-1.5531506361249583,
1.2043602435547642,-0.17333134550530088,0.7912836503771971,-0.3977684438239515,-0.3686081850979048,0.5173258901287008,0.16173820506181186,0.7929951644891641,-1.0093008553307983,0.3875492761049942,0.9875492538993665,-0.7524585694724811,
-0.8600176266331436,1.3634176383662095,-1.3639452960311926,0.36850905149713997,0.3274388992896875,-0.753212809025748,-0.715676557829951,-0.09549976739184285,0.8884453652408267,-0.5759870404131004,0.24280046374770126,-1.5488458400676868,
1.027413568967229,-0.2292131267369922,-0.3376457977414832,6.498729014065871,-0.3264235133168388,-0.2645440785817293,0.13040196352996317,2.517720620493591,-1.0093008553307983,0.20688621675785118,-1.15360351778667,-1.0559466915101137,
1.971129166767415,-0.3130357985845292,0.6886537005482263,-0.8575349410166064,0.09542320449382341,-0.9486803012033556,-0.5589953501707076,0.1867280344997759,-1.5982565789564769,-0.03399786237167212,-0.3778235280453835,1.169632870099191,
,,,,,,,,,,,,6.0
,,,,,,,,,,,,5.0
,,,,,,,,,,,,6.0
,,,,,,,,,,,,6.0
,,,,,,,,,,,,8.0
,,,,,,,,,,,,6.0
,,,,,,,,,,,,5.0
,,,,,,,,,,,,7.0
,,,,,,,,,,,,6.0
,,,,,,,,,,,,6.0
,,,,,,,,,,,,6.0
,,,,,,,,,,,,5.0
,,,,,,,,,,,,6.0
,,,,,,,,,,,,5.0
,,,,,,,,,,,,5.0
,,,,,,,,,,,,5.0
,,,,,,,,,,,,6.0
,,,,,,,,,,,,6.0
,,,,,,,,,,,,6.0
,,,,,,,,,,,,7.0
,,,,,,,,,,,,6.0
,,,,,,,,,,,,7.0
,,,,,,,,,,,,6.0
,,,,,,,,,,,,5.0
,,,,,,,,,,,,6.0
,,,,,,,,,,,,6.0
,,,,,,,,,,,,6.0
,,,,,,,,,,,,6.0
,,,,,,,,,,,,5.0
,,,,,,,,,,,,6.0
,,,,,,,,,,,,6.0
,,,,,,,,,,,,7.0
,,,,,,,,,,,,6.0
,,,,,,,,,,,,5.0
,,,,,,,,,,,,7.0
,,,,,,,,,,,,5.0
,,,,,,,,,,,,5.0
,,,,,,,,,,,,4.0
,,,,,,,,,,,,6.0
,,,,,,,,,,,,6.0
,,,,,,,,,,,,5.0
,,,,,,,,,,,,6.0
,,,,,,,,,,,,7.0
,,,,,,,,,,,,5.0
,,,,,,,,,,,,5.0
,,,,,,,,,,,,7.0
,,,,,,,,,,,,6.0
,,,,,,,,,,,,4.0
,,,,,,,,,,,,5.0
,,,,,,,,,,,,5.0
,,,,,,,,,,,,6.0
,,,,,,,,,,,,6.0
,,,,,,,,,,,,6.0
,,,,,,,,,,,,6.0
,,,,,,,,,,,,5.0
,,,,,,,,,,,,5.0
,,,,,,,,,,,,6.0
,,,,,,,,,,,,5.0
,,,,,,,,,,,,6.0
,,,,,,,,,,,,6.0
,,,,,,,,,,,,5.0
,,,,,,,,,,,,5.0
,,,,,,,,,,,,5.0
,,,,,,,,,,,,5.0
,,,,,,,,,,,,5.0
,,,,,,,,,,,,6.0
,,,,,,,,,,,,6.0
,,,,,,,,,,,,6.0
,,,,,,,,,,,,6.0
,,,,,,,,,,,,6.0
,,,,,,,,,,,,6.0
,,,,,,,,,,,,5.0
,,,,,,,,,,,,6.0
,,,,,,,,,,,,6.0
,,,,,,,,,,,,5.0
,,,,,,,,,,,,6.0
,,,,,,,,,,,,5.0
,,,,,,,,,,,,5.0
,,,,,,,,,,,,5.0
,,,,,,,,,,,,6.0
,,,,,,,,,,,,7.0
,,,,,,,,,,,,6.0
,,,,,,,,,,,,7.0
,,,,,,,,,,,,6.0
,,,,,,,,,,,,5.0
,,,,,,,,,,,,6.0
,,,,,,,,,,,,5.0
,,,,,,,,,,,,6.0
,,,,,,,,,,,,7.0
,,,,,,,,,,,,6.0
,,,,,,,,,,,,7.0
,,,,,,,,,,,,5.0
,,,,,,,,,,,,5.0
,,,,,,,,,,,,5.0
,,,,,,,,,,,,6.0
,,,,,,,,,,,,5.0
,,,,,,,,,,,,8.0
,,,,,,,,,,,,6.0
,,,,,,,,,,,,5.0
,,,,,,,,,,,,5.0
,,,,,,,,,,,,5.0
,,,,,,,,,,,,6.0
,,,,,,,,,,,,6.0
,,,,,,,,,,,,6.0
,,,,,,,,,,,,6.0
,,,,,,,,,,,,6.0
,,,,,,,,,,,,5.0
,,,,,,,,,,,,5.0
,,,,,,,,,,,,7.0
,,,,,,,,,,,,5.0
,,,,,,,,,,,,5.0
,,,,,,,,,,,,5.0
,,,,,,,,,,,,6.0
,,,,,,,,,,,,7.0
,,,,,,,,,,,,6.0
,,,,,,,,,,,,6.0
,,,,,,,,,,,,5.0
,,,,,,,,,,,,7.0
,,,,,,,,,,,,5.0
,,,,,,,,,,,,5.0
,,,,,,,,,,,,5.0
,,,,,,,,,,,,7.0
,,,,,,,,,,,,6.0
,,,,,,,,,,,,5.0
,,,,,,,,,,,,6.0
,,,,,,,,,,,,6.0
,,,,,,,,,,,,5.0
,,,,,,,,,,,,7.0
,,,,,,,,,,,,5.0
,,,,,,,,,,,,5.0
,,,,,,,,,,,,5.0
,,,,,,,,,,,,6.0
,,,,,,,,,,,,5.0
,,,,,,,,,,,,7.0
,,,,,,,,,,,,5.0
,,,,,,,,,,,,6.0
,,,,,,,,,,,,4.0
,,,,,,,,,,,,5.0
,,,,,,,,,,,,6.0
,,,,,,,,,,,,5.0
,,,,,,,,,,,,5.0
,,,,,,,,,,,,6.0
,,,,,,,,,,,,5.0
,,,,,,,,,,,,7.0
,,,,,,,,,,,,5.0
,,,,,,,,,,,,6.0
,,,,,,,,,,,,6.0
,,,,,,,,,,,,6.0
,,,,,,,,,,,,6.0
,,,,,,,,,,,,5.0
,,,,,,,,,,,,4.0
,,,,,,,,,,,,6.0
,,,,,,,,,,,,6.0
,,,,,,,,,,,,7.0
,,,,,,,,,,,,5.0
,,,,,,,,,,,,6.0
,,,,,,,,,,,,5.0
,,,,,,,,,,,,7.0
,,,,,,,,,,,,7.0
,,,,,,,,,,,,6.0
,,,,,,,,,,,,6.0
,,,,,,,,,,,,6.0
,,,,,,,,,,,,5.0
,,,,,,,,,,,,7.0
,,,,,,,,,,,,7.0
,,,,,,,,,,,,5.0
,,,,,,,,,,,,6.0
,,,,,,,,,,,,6.0
,,,,,,,,,,,,6.0
,,,,,,,,,,,,6.0
,,,,,,,,,,,,5.0
,,,,,,,,,,,,6.0
,,,,,,,,,,,,7.0
,,,,,,,,,,,,6.0
,,,,,,,,,,,,6.0
,,,,,,,,,,,,6.0
,,,,,,,,,,,,5.0
,,,,,,,,,,,,5.0
,,,,,,,,,,,,5.0
,,,,,,,,,,,,6.0
,,,,,,,,,,,,6.0
,,,,,,,,,,,,6.0
